15:43:30.791 -> 
15:43:30.791 -> 
15:43:30.791 -> DATA:
15:43:30.791 -> 6, 13200, 64, 4096, 1, 13200, 0, 0, 
15:43:30.837 -> Delay to allow time for flashing
15:43:42.706 -> Sent Control Bit to reader 
15:50:38.949 -> 64255, 58426, 60631, 40831, 61011, 60741, 40845, 62457, 60811, 40845, 63337, 60861, 40831, 63911, 60915, 40831, 64315, 60971, 40830, 64594, 61026, 40832, 64812, 61095, 40836, 64973, 61142, 40835, 65088, 61174, 0, -75
15:50:39.183 -> 40862, 65208, 61219, 40880, 65400, 61249, 40885, 65409, 61260, 40893, 65425, 61274, 40902, 65440, 61280, 40908, 65454, 61279, 40917, 65465, 61276, 40923, 65485, 61278, 40937, 65485, 61277, 40941, 65486, 61272, 1, -75
15:50:39.418 -> 40949, 65486, 61270, 40955, 65494, 61264, 40960, 65494, 61260, 40963, 65494, 61254, 40967, 65494, 61246, 40969, 65505, 61232, 40968, 65504, 61218, 40950, 65505, 61218, 40948, 65505, 61242, 40945, 65504, 61270, 2, -75
15:50:39.649 -> 40943, 65504, 61306, 40943, 65516, 61343, 40938, 65516, 61365, 40945, 65516, 61383, 40974, 65516, 61406, 40978, 65515, 61412, 40981, 65516, 61419, 40984, 65516, 61429, 40996, 65526, 61437, 41003, 65515, 61442, 3, -75
15:50:39.884 -> 41012, 65526, 61445, 41018, 65526, 61446, 41023, 65526, 61447, 41029, 65526, 61454, 41035, 65526, 61445, 41038, 65526, 61440, 41039, 65526, 61440, 41043, 65526, 61440, 41050, 65526, 61441, 41053, 65526, 61442, 4, -75
15:50:40.118 -> 41043, 65526, 61447, 41030, 65526, 61471, 41024, 65526, 61509, 41021, 65526, 61552, 41021, 65526, 61587, 41018, 65526, 61615, 41012, 65526, 61626, 41025, 65526, 61629, 41050, 65535, 61657, 41053, 65535, 61668, 5, -75
15:50:40.305 -> 41055, 65526, 61680, 41062, 65526, 61693, 41068, 65535, 61700, 41074, 65526, 61703, 41087, 65535, 61708, 41086, 65526, 61709, 41089, 65535, 61707, 41096, 65526, 61704, 41101, 65535, 61713, 41107, 65535, 61715, 6, -75
15:50:40.542 -> 41108, 65535, 61718, 41111, 65535, 61717, 41111, 65535, 61714, 41112, 65535, 61707, 41104, 65526, 61709, 41087, 65526, 61733, 41084, 65535, 61770, 41082, 65535, 61802, 41077, 65535, 61840, 41074, 65535, 61856, 7, -74
15:50:40.777 -> 41076, 65535, 61858, 41100, 65535, 61871, 41110, 65535, 61883, 41113, 65535, 61891, 41116, 65535, 61897, 41123, 65535, 61902, 41128, 65535, 61900, 41134, 65535, 61898, 41135, 65535, 61902, 41147, 65535, 61903, 8, -75
15:50:41.012 -> 41153, 0, 61900, 41156, 65535, 61897, 41160, 65535, 61890, 41163, 65535, 61884, 41166, 65535, 61878, 41168, 65535, 61864, 41165, 0, 61846, 41160, 65535, 61832, 41143, 65526, 61840, 41142, 65535, 61867, 9, -75
15:50:41.246 -> 41137, 65535, 61896, 41134, 65535, 61928, 41134, 65535, 61953, 41129, 65535, 61964, 41134, 65535, 61968, 41159, 65535, 61978, 41159, 0, 61981, 41162, 65535, 61981, 41166, 65535, 61983, 41176, 65535, 61984, 10, -74
15:50:41.483 -> 41182, 65535, 61980, 41189, 65535, 61974, 41193, 65535, 61965, 41197, 0, 61955, 41202, 65535, 61946, 41208, 0, 61930, 41209, 0, 61913, 41209, 65535, 61899, 41213, 65535, 61881, 41216, 65535, 61870, 11, -74
15:50:41.670 -> 41218, 65535, 61851, 41203, 65535, 61843, 41190, 65535, 61856, 41185, 0, 61876, 41181, 65535, 61901, 41186, 65535, 61928, 41174, 0, 61940, 41170, 65535, 61944, 41191, 65535, 61946, 41205, 0, 61964, 12, -75
15:50:41.901 -> 41209, 65535, 61963, 41211, 65535, 61958, 41217, 0, 61954, 41222, 65535, 61945, 41228, 65535, 61933, 41236, 65535, 61918, 41238, 65535, 61901, 41241, 0, 61881, 41247, 65535, 61858, 41247, 0, 61847, 13, -75
15:50:42.089 -> 41256, 65535, 61829, 41256, 0, 61811, 41258, 0, 61791, 41258, 65535, 61770, 41260, 65535, 61744, 41247, 65535, 61724, 41234, 65535, 61723, 41229, 0, 61735, 41224, 65535, 61753, 41217, 0, 61782, 14, -75
15:50:42.323 -> 41219, 65535, 61796, 41217, 0, 61803, 41239, 0, 61817, 41252, 0, 61827, 41253, 65535, 61822, 41258, 65535, 61819, 41263, 65535, 61805, 41268, 0, 61789, 41273, 65535, 61773, 41277, 0, 61758, 15, -75
15:50:42.561 -> 41287, 0, 61741, 41291, 65535, 61720, 41295, 65535, 61702, 41298, 0, 61682, 41301, 65535, 61663, 41303, 65535, 61648, 41304, 65535, 61620, 41302, 65535, 61593, 41297, 65535, 61563, 41281, 65535, 61548, 16, -74
15:50:42.744 -> 41276, 65535, 61554, 41271, 65535, 61566, 41267, 65535, 61586, 41266, 65535, 61608, 41262, 65535, 61616, 41262, 65535, 61622, 41286, 65535, 61637, 41284, 65535, 61634, 41283, 65535, 61622, 41284, 65535, 61608, 17, -75
15:50:42.978 -> 41286, 65535, 61598, 41289, 0, 61577, 41290, 65535, 61556, 41289, 65535, 61533, 41287, 0, 61509, 41287, 0, 61485, 41290, 0, 61462, 41281, 0, 61438, 41276, 65535, 61414, 41275, 65535, 61387, 18, -75
15:50:43.165 -> 41272, 0, 61375, 41274, 0, 61353, 41261, 0, 61339, 41257, 0, 61349, 41266, 0, 61372, 41280, 0, 61404, 41297, 0, 61439, 41303, 0, 61462, 41315, 0, 61478, 41347, 0, 61503, 19, -74
15:50:43.354 -> 41364, 0, 61527, 41379, 0, 61530, 41388, 0, 61534, 41402, 0, 61534, 41412, 0, 61531, 41424, 0, 61527, 41433, 0, 61518, 41439, 0, 61507, 41444, 0, 61493, 41450, 0, 61482, 20, -74
15:50:43.541 -> 41448, 0, 61475, 41456, 65535, 61468, 41458, 0, 61463, 41461, 65535, 61455, 41461, 0, 61450, 41459, 0, 61437, 41447, 0, 61435, 41441, 65535, 61448, 41440, 0, 61472, 41441, 0, 61503, 21, -74
15:50:43.730 -> 41441, 0, 61539, 41448, 0, 61552, 41453, 0, 61562, 41483, 0, 61592, 41494, 0, 61605, 41498, 0, 61614, 41505, 0, 61628, 41509, 0, 61628, 41513, 0, 61627, 41515, 0, 61630, 22, -75
15:50:43.918 -> 41517, 0, 61630, 41520, 0, 61633, 41521, 0, 61635, 41523, 0, 61643, 41527, 0, 61649, 41530, 0, 61656, 41533, 0, 61665, 41538, 0, 61664, 41534, 0, 61663, 41523, 65535, 61660, 23, -75
15:50:44.153 -> 41509, 65535, 61675, 41501, 0, 61711, 41495, 0, 61745, 41487, 65535, 61775, 41482, 0, 61794, 41475, 0, 61792, 41477, 65535, 61788, 41504, 0, 61811, 41501, 0, 61822, 41499, 65535, 61829, 24, -75
15:50:44.339 -> 41502, 0, 61837, 41507, 0, 61857, 41514, 0, 61871, 41519, 0, 61885, 41524, 0, 61897, 41527, 0, 61906, 41531, 0, 61913, 41538, 65535, 61916, 41536, 0, 61918, 41535, 0, 61915, 25, -75
15:50:44.526 -> 41537, 0, 61912, 41533, 0, 61918, 41535, 0, 61919, 41518, 65535, 61925, 41507, 0, 61953, 41500, 0, 61981, 41495, 0, 62012, 41488, 0, 62035, 41484, 0, 62036, 41480, 0, 62026, 26, -75
15:50:44.713 -> 41494, 65535, 62029, 41502, 0, 62047, 41510, 0, 62053, 41509, 0, 62057, 41512, 0, 62065, 41516, 0, 62069, 41519, 0, 62069, 41523, 0, 62066, 41524, 65535, 62058, 41525, 0, 62044, 27, -75
15:50:44.900 -> 41525, 0, 62036, 41523, 0, 62028, 41530, 0, 62023, 41529, 0, 62012, 41527, 0, 62002, 41522, 65535, 61988, 41518, 0, 61966, 41501, 0, 61964, 41490, 0, 61973, 41482, 0, 61999, 28, -75
15:50:45.085 -> 41476, 0, 62029, 41469, 0, 62062, 41465, 65535, 62074, 41466, 0, 62072, 41490, 65535, 62095, 41501, 0, 62103, 41502, 0, 62103, 41507, 0, 62109, 41514, 0, 62102, 41516, 65535, 62088, 29, -75
15:50:45.321 -> 41518, 0, 62077, 41525, 0, 62060, 41530, 0, 62048, 41536, 0, 62032, 41538, 0, 62016, 41540, 65535, 61996, 41543, 0, 61977, 41544, 0, 61954, 41550, 0, 61930, 41542, 0, 61900, 30, -75
15:50:45.507 -> 41532, 0, 61865, 41517, 0, 61857, 41508, 0, 61885, 41503, 0, 61917, 41498, 0, 61955, 41493, 0, 61986, 41488, 0, 61997, 41494, 0, 62014, 41525, 0, 62044, 41523, 0, 62032, 31, -75
15:50:45.692 -> 41521, 65535, 62026, 41528, 0, 62016, 41529, 0, 62009, 41539, 0, 61992, 41544, 0, 61971, 41548, 0, 61947, 41550, 0, 61921, 41554, 0, 61895, 41556, 65535, 61867, 41559, 0, 61839, 0, -74
15:50:45.879 -> 41559, 0, 61806, 41560, 65535, 61774, 41554, 0, 61745, 41554, 65535, 61715, 41536, 0, 61703, 41526, 0, 61716, 41518, 0, 61741, 41515, 0, 61779, 41511, 0, 61812, 41502, 0, 61827, 1, -75
15:50:46.067 -> 41504, 0, 61846, 41530, 0, 61874, 41530, 0, 61869, 41536, 0, 61859, 41542, 0, 61846, 41546, 0, 61828, 41549, 0, 61806, 41556, 0, 61783, 41560, 0, 61760, 41563, 0, 61724, 2, -75
15:50:46.253 -> 41566, 0, 61692, 41568, 0, 61664, 41569, 0, 61635, 41575, 0, 61613, 41577, 0, 61587, 41575, 0, 61560, 41573, 0, 61528, 41561, 0, 61502, 41545, 0, 61502, 41538, 65535, 61514, 3, -76
15:50:46.441 -> 41530, 0, 61543, 41525, 0, 61579, 41518, 0, 61609, 41515, 65535, 61628, 41533, 0, 61651, 41549, 0, 61669, 41551, 0, 61663, 41552, 0, 61655, 41558, 0, 61642, 41567, 0, 61628, 4, -76
15:50:46.627 -> 41567, 0, 61609, 41571, 0, 61588, 41576, 0, 61562, 41580, 0, 61550, 41587, 0, 61533, 41589, 0, 61515, 41591, 0, 61499, 41591, 65535, 61484, 41593, 0, 61467, 41595, 65535, 61450, 5, -75
15:50:46.816 -> 41589, 0, 61426, 41575, 0, 61406, 41562, 0, 61407, 41551, 0, 61433, 41549, 0, 61463, 41545, 0, 61491, 41537, 0, 61510, 41536, 0, 61517, 41557, 0, 61542, 41569, 0, 61556, 6, -75
15:50:47.001 -> 41571, 0, 61557, 41573, 0, 61557, 41578, 0, 61557, 41578, 0, 61561, 41591, 0, 61562, 41597, 0, 61562, 41600, 0, 61563, 41603, 0, 61562, 41608, 0, 61563, 41610, 0, 61565, 7, -75
15:50:47.189 -> 41612, 0, 61563, 41614, 0, 61558, 41613, 0, 61556, 41610, 0, 61556, 41605, 65535, 61561, 41589, 0, 61576, 41581, 0, 61602, 41575, 0, 61628, 41572, 0, 61657, 41568, 0, 61677, 8, -75
15:50:47.376 -> 41561, 65535, 61668, 41574, 0, 61675, 41590, 0, 61695, 41592, 0, 61706, 41597, 0, 61721, 41604, 0, 61734, 41608, 0, 61750, 41614, 0, 61764, 41619, 0, 61776, 41623, 0, 61790, 9, -75
15:50:47.570 -> 41628, 0, 61797, 41630, 0, 61804, 41632, 0, 61814, 41635, 0, 61820, 41640, 0, 61836, 41642, 0, 61843, 41639, 0, 61854, 41634, 0, 61857, 41617, 65535, 61872, 41607, 0, 61898, 10, -76
15:50:47.796 -> 41605, 0, 61927, 41595, 0, 61956, 41590, 0, 61970, 41581, 0, 61966, 41585, 0, 61958, 41612, 0, 61970, 41618, 0, 61985, 41620, 0, 61997, 41622, 0, 62010, 41628, 0, 62022, 11, -75
15:50:47.984 -> 41635, 0, 62032, 41639, 0, 62040, 41642, 0, 62045, 41646, 0, 62048, 41648, 0, 62062, 41658, 0, 62069, 41659, 0, 62074, 41660, 0, 62078, 41661, 0, 62080, 41661, 0, 62078, 12, -75
15:50:48.122 -> 41659, 0, 62076, 41655, 0, 62065, 41638, 0, 62068, 41627, 0, 62090, 41615, 0, 62121, 41617, 0, 62148, 41613, 0, 62164, 41607, 65535, 62159, 41608, 0, 62149, 41637, 0, 62164, 13, -75
15:50:48.357 -> 41639, 0, 62174, 41640, 0, 62175, 41644, 0, 62176, 41646, 0, 62179, 41649, 0, 62184, 41662, 0, 62186, 41666, 0, 62184, 41669, 0, 62181, 41672, 0, 62176, 41675, 0, 62170, 14, -75
15:50:48.546 -> 41679, 0, 62167, 41680, 0, 62150, 41679, 0, 62135, 41677, 0, 62123, 41677, 0, 62105, 41667, 65535, 62101, 41653, 65535, 62113, 41645, 0, 62137, 41642, 0, 62160, 41640, 0, 62179, 15, -75
15:50:48.870 -> 41679, 0, 62167, 41680, 0, 62150, 41679, 0, 62135, 41677, 0, 62123, 41677, 0, 62105, 41667, 65535, 62101, 41653, 65535, 62113, 41645, 0, 62137, 41642, 0, 62160, 41640, 0, 62179, 15, -74
15:50:49.058 -> 41635, 0, 62190, 41632, 0, 62185, 41648, 0, 62187, 41660, 0, 62198, 41661, 0, 62193, 41663, 0, 62196, 41670, 0, 62194, 41675, 0, 62190, 41681, 0, 62182, 41687, 0, 62167, 16, -74
15:50:49.247 -> 41687, 0, 62154, 41697, 0, 62141, 41696, 0, 62126, 41698, 0, 62106, 41700, 0, 62084, 41701, 0, 62076, 41706, 0, 62057, 41705, 0, 62036, 41693, 0, 62018, 41677, 0, 62021, 17, -75
15:50:49.434 -> 41670, 0, 62040, 41668, 0, 62060, 41663, 0, 62081, 41658, 0, 62099, 41650, 0, 62087, 41661, 0, 62103, 41684, 0, 62118, 41688, 0, 62115, 41689, 0, 62108, 41690, 0, 62103, 18, -75
15:50:49.623 -> 41698, 0, 62096, 41705, 65535, 62080, 41708, 0, 62061, 41710, 0, 62040, 41715, 0, 62019, 41715, 0, 62001, 41726, 0, 61982, 41728, 0, 61961, 41728, 0, 61941, 41728, 0, 61917, 19, -75
15:50:49.813 -> 41727, 65535, 61891, 41721, 0, 61866, 41707, 0, 61852, 41697, 0, 61857, 41688, 0, 61871, 41681, 0, 61901, 41684, 0, 61920, 41677, 0, 61926, 41681, 0, 61932, 41702, 0, 61947, 20, -75
15:50:50.000 -> 41702, 0, 61945, 41703, 0, 61943, 41708, 0, 61926, 41708, 0, 61904, 41705, 0, 61881, 41707, 0, 61857, 41711, 0, 61831, 41710, 0, 61802, 41706, 0, 61774, 41704, 0, 61745, 21, -75
15:50:50.185 -> 41701, 0, 61715, 41697, 0, 61687, 41695, 0, 61655, 41685, 0, 61621, 41674, 0, 61581, 41657, 65535, 61553, 41644, 0, 61562, 41640, 0, 61579, 41640, 0, 61607, 41648, 0, 61648, 22, -75
15:50:50.371 -> 41660, 0, 61680, 41680, 0, 61709, 41731, 0, 61749, 41745, 0, 61755, 41754, 0, 61750, 41764, 0, 61744, 41776, 0, 61741, 41790, 0, 61732, 41802, 0, 61720, 41815, 0, 61704, 23, -75
15:50:50.558 -> 41820, 0, 61687, 41826, 0, 61672, 41837, 0, 61654, 41838, 0, 61635, 41839, 0, 61613, 41839, 0, 61591, 41834, 0, 61576, 41840, 0, 61557, 41826, 0, 61542, 41813, 0, 61548, 24, -75
15:50:50.746 -> 41808, 0, 61564, 41806, 0, 61590, 41806, 0, 61618, 41803, 0, 61639, 41807, 0, 61651, 41828, 0, 61669, 41848, 0, 61693, 41860, 0, 61702, 41865, 0, 61706, 41873, 0, 61713, 25, -75
15:50:50.933 -> 41879, 0, 61717, 41886, 0, 61721, 41893, 0, 61727, 41895, 0, 61724, 41896, 0, 61722, 41896, 0, 61727, 41894, 0, 61733, 41899, 0, 61744, 41899, 0, 61750, 41895, 0, 61762, 26, -74
15:50:51.118 -> 41894, 0, 61771, 41888, 0, 61773, 41872, 0, 61796, 41864, 0, 61816, 41858, 0, 61840, 41852, 0, 61861, 41844, 0, 61872, 41841, 0, 61869, 41844, 0, 61857, 41863, 0, 61871, 27, -75
15:50:51.306 -> 41865, 0, 61889, 41867, 0, 61905, 41868, 0, 61923, 41875, 0, 61944, 41873, 0, 61964, 41876, 0, 61985, 41881, 0, 62006, 41885, 0, 62039, 41891, 0, 62069, 41893, 0, 62095, 28, -75
15:50:51.492 -> 41895, 0, 62119, 41896, 0, 62140, 41898, 0, 62156, 41901, 0, 62166, 41893, 0, 62172, 41878, 0, 62176, 41863, 0, 62201, 41854, 0, 62239, 41850, 0, 62263, 41845, 0, 62276, 29, -75
15:50:51.682 -> 41839, 0, 62268, 41833, 0, 62242, 41847, 0, 62232, 41861, 0, 62247, 41861, 0, 62261, 41860, 0, 62275, 41861, 0, 62293, 41860, 0, 62322, 41869, 0, 62347, 41871, 0, 62369, 30, -74
15:50:51.870 -> 41872, 0, 62390, 41873, 0, 62407, 41875, 0, 62421, 41875, 0, 62432, 41875, 0, 62439, 41873, 0, 62439, 41870, 0, 62442, 41863, 0, 62445, 41858, 0, 62451, 41839, 0, 62466, 31, -75
15:50:52.056 -> 41830, 0, 62490, 41822, 65535, 62509, 41818, 0, 62523, 41812, 0, 62524, 41805, 0, 62487, 41810, 0, 62468, 41829, 0, 62476, 41832, 0, 62485, 41836, 0, 62497, 41842, 0, 62507, 32, -75
15:50:52.385 -> 41830, 0, 62490, 41822, 65535, 62509, 41818, 0, 62523, 41812, 0, 62524, 41805, 0, 62487, 41810, 0, 62468, 41829, 0, 62476, 41832, 0, 62485, 41836, 0, 62497, 41842, 0, 62507, 32, -74
15:50:52.559 -> 41845, 0, 62520, 41850, 0, 62528, 41855, 0, 62534, 41859, 0, 62540, 41861, 0, 62534, 41862, 0, 62528, 41863, 0, 62525, 41865, 0, 62518, 41870, 0, 62519, 41871, 0, 62511, 33, -75
15:50:52.757 -> 41867, 0, 62504, 41861, 0, 62485, 41844, 65535, 62479, 41833, 0, 62488, 41831, 0, 62504, 41821, 0, 62522, 41815, 0, 62529, 41804, 0, 62517, 41811, 0, 62503, 41837, 0, 62517, 34, -75
15:50:52.946 -> 41843, 0, 62519, 41844, 0, 62520, 41846, 0, 62521, 41851, 0, 62518, 41858, 0, 62510, 41860, 0, 62500, 41863, 0, 62485, 41866, 65535, 62466, 41867, 0, 62460, 41875, 0, 62449, 35, -75
15:50:53.136 -> 41875, 0, 62433, 41875, 0, 62418, 41875, 0, 62399, 41874, 0, 62376, 41871, 0, 62349, 41860, 0, 62321, 41842, 0, 62312, 41832, 0, 62324, 41819, 0, 62353, 41821, 0, 62378, 36, -75
15:50:53.461 -> 41875, 0, 62433, 41875, 0, 62418, 41875, 0, 62399, 41874, 0, 62376, 41871, 0, 62349, 41860, 0, 62321, 41842, 0, 62312, 41832, 0, 62324, 41819, 0, 62353, 41821, 0, 62378, 36, -75
15:50:53.649 -> 41815, 0, 62389, 41807, 0, 62381, 41819, 0, 62385, 41841, 0, 62403, 41843, 0, 62399, 41843, 0, 62393, 41846, 0, 62381, 41848, 0, 62369, 41849, 0, 62357, 41862, 0, 62341, 37, -75
15:50:53.835 -> 41865, 0, 62319, 41866, 0, 62299, 41868, 0, 62275, 41870, 0, 62251, 41871, 0, 62231, 41871, 0, 62197, 41871, 0, 62163, 41866, 0, 62135, 41860, 0, 62100, 41848, 0, 62086, 38, -75
15:50:54.023 -> 41836, 0, 62090, 41827, 0, 62108, 41822, 0, 62134, 41818, 0, 62157, 41809, 0, 62170, 41809, 0, 62166, 41830, 0, 62185, 41838, 0, 62186, 41839, 65535, 62174, 41842, 0, 62167, 39, -75
15:50:54.209 -> 41848, 0, 62149, 41851, 0, 62131, 41857, 0, 62108, 41862, 0, 62083, 41864, 0, 62053, 41872, 0, 62027, 41869, 0, 61997, 41869, 0, 61965, 41872, 0, 61930, 41874, 0, 61909, 40, -74
15:50:54.397 -> 41876, 0, 61879, 41872, 0, 61847, 41864, 0, 61813, 41848, 0, 61797, 41839, 65535, 61802, 41834, 0, 61817, 41827, 0, 61843, 41822, 0, 61869, 41812, 0, 61874, 41817, 0, 61892, 41, -75
15:50:54.583 -> 41844, 0, 61918, 41848, 0, 61911, 41848, 65535, 61903, 41852, 0, 61892, 41855, 0, 61876, 41858, 0, 61856, 41865, 0, 61834, 41868, 0, 61806, 41870, 0, 61779, 41869, 0, 61759, 42, -75
15:50:54.772 -> 41880, 0, 61738, 41881, 0, 61715, 41882, 0, 61693, 41881, 0, 61672, 41881, 0, 61649, 41879, 0, 61624, 41868, 0, 61595, 41852, 0, 61585, 41842, 0, 61594, 41830, 0, 61620, 43, -75
15:50:54.958 -> 41832, 0, 61648, 41827, 0, 61670, 41821, 0, 61682, 41829, 0, 61696, 41853, 0, 61718, 41854, 0, 61723, 41854, 0, 61715, 41858, 0, 61709, 41860, 0, 61702, 41864, 0, 61695, 44, -75
15:50:55.146 -> 41875, 0, 61690, 41879, 0, 61682, 41880, 0, 61677, 41883, 0, 61673, 41886, 0, 61667, 41887, 0, 61665, 41890, 0, 61658, 41888, 0, 61652, 41883, 0, 61648, 41882, 0, 61638, 45, -74
15:50:55.381 -> 41869, 0, 61648, 41857, 0, 61672, 41849, 0, 61698, 41844, 0, 61728, 41841, 0, 61754, 41835, 0, 61763, 41838, 0, 61765, 41856, 0, 61782, 41860, 0, 61795, 41862, 0, 61802, 46, -74
15:50:55.522 -> 41864, 0, 61822, 41872, 0, 61838, 41875, 0, 61854, 41881, 0, 61872, 41886, 0, 61888, 41887, 0, 61905, 41892, 0, 61921, 41894, 0, 61936, 41895, 0, 61948, 41896, 0, 61959, 47, -75
15:50:55.707 -> 41894, 0, 61981, 41900, 0, 61996, 41897, 0, 62007, 41883, 65535, 62022, 41867, 0, 62050, 41860, 0, 62077, 41853, 65535, 62100, 41850, 0, 62117, 41842, 0, 62122, 41837, 0, 62106, 48, -75
15:50:55.896 -> 41850, 0, 62103, 41872, 0, 62120, 41874, 0, 62136, 41875, 0, 62152, 41879, 0, 62172, 41884, 0, 62192, 41889, 0, 62215, 41894, 0, 62226, 41896, 0, 62239, 41897, 0, 62256, 49, -74
15:50:56.131 -> 41899, 0, 62275, 41908, 0, 62294, 41909, 0, 62308, 41909, 0, 62323, 41908, 0, 62333, 41906, 0, 62342, 41901, 0, 62346, 41885, 0, 62351, 41872, 0, 62368, 41864, 0, 62383, 50, -74
15:50:56.319 -> 41857, 0, 62397, 41856, 0, 62398, 41850, 0, 62381, 41849, 0, 62356, 41876, 0, 62358, 41880, 0, 62368, 41882, 0, 62373, 41892, 0, 62384, 41889, 0, 62393, 41892, 0, 62402, 51, -75
15:50:56.460 -> 41899, 0, 62407, 41905, 0, 62423, 41909, 0, 62432, 41911, 0, 62440, 41914, 0, 62445, 41916, 0, 62448, 41917, 0, 62449, 41921, 0, 62448, 41917, 0, 62442, 41915, 0, 62432, 52, -75
15:50:56.647 -> 41904, 0, 62418, 41886, 0, 62431, 41881, 0, 62445, 41875, 0, 62454, 41871, 0, 62466, 41865, 0, 62462, 41860, 0, 62445, 41870, 0, 62434, 41893, 0, 62441, 41894, 0, 62441, 53, -74
15:50:56.883 -> 41894, 0, 62440, 41896, 0, 62446, 41907, 0, 62450, 41911, 0, 62449, 41917, 0, 62449, 41920, 0, 62444, 41924, 0, 62440, 41927, 0, 62435, 41930, 0, 62422, 41931, 0, 62408, 54, -75
15:50:57.022 -> 41931, 0, 62396, 41928, 0, 62386, 41934, 0, 62375, 41932, 0, 62355, 41915, 0, 62342, 41901, 0, 62346, 41893, 0, 62355, 41887, 0, 62373, 41884, 0, 62377, 41875, 0, 62377, 55, -74
15:50:57.209 -> 41871, 0, 62361, 41882, 0, 62350, 41900, 0, 62360, 41901, 0, 62357, 41900, 0, 62349, 41900, 0, 62342, 41900, 0, 62331, 41902, 0, 62316, 41907, 0, 62298, 41899, 0, 62275, 56, -74
15:50:57.443 -> 41894, 65535, 62252, 41894, 0, 62226, 41893, 0, 62209, 41891, 0, 62185, 41884, 0, 62161, 41878, 0, 62137, 41872, 0, 62112, 41867, 0, 62082, 41854, 0, 62062, 41840, 0, 62067, 57, -75
15:50:57.630 -> 41843, 0, 62089, 41852, 0, 62118, 41865, 0, 62158, 41879, 0, 62174, 41893, 0, 62184, 41931, 0, 62208, 41949, 0, 62218, 41953, 0, 62219, 41964, 0, 62219, 41975, 0, 62214, 58, -74
15:50:57.772 -> 41985, 0, 62201, 41996, 0, 62187, 42002, 0, 62174, 42016, 0, 62154, 42019, 0, 62131, 42023, 0, 62108, 42026, 0, 62082, 42026, 0, 62056, 42026, 0, 62034, 42027, 0, 62002, 59, -75
15:50:57.959 -> 42026, 0, 61964, 42013, 0, 61933, 41997, 0, 61927, 41996, 0, 61938, 41995, 0, 61960, 41995, 0, 61988, 41997, 0, 62009, 42000, 0, 62021, 42017, 0, 62041, 42041, 0, 62063, 60, -76
15:50:58.192 -> 42046, 0, 62058, 42049, 0, 62052, 42053, 0, 62045, 42061, 0, 62035, 42068, 0, 62016, 42072, 0, 61996, 42073, 0, 61970, 42073, 0, 61945, 42074, 0, 61920, 42078, 0, 61894, 61, -75
15:50:58.333 -> 42071, 0, 61868, 42070, 0, 61845, 42073, 0, 61818, 42073, 0, 61802, 42069, 0, 61774, 42052, 0, 61761, 42042, 0, 61770, 42034, 0, 61787, 42028, 0, 61815, 42024, 0, 61839, 62, -75
15:50:58.518 -> 42013, 0, 61849, 42007, 0, 61854, 42024, 0, 61871, 42032, 0, 61889, 42034, 0, 61883, 42034, 0, 61878, 42037, 0, 61873, 42041, 0, 61863, 42046, 0, 61849, 42049, 0, 61833, 63, -75
15:50:58.753 -> 42053, 0, 61816, 42055, 0, 61796, 42058, 0, 61778, 42057, 0, 61768, 42066, 0, 61759, 42065, 0, 61747, 42063, 0, 61733, 42059, 0, 61714, 42050, 0, 61694, 42033, 0, 61693, 64, -75
15:50:58.894 -> 42023, 0, 61705, 42016, 0, 61731, 42009, 0, 61761, 41998, 0, 61793, 41996, 0, 61805, 42000, 0, 61818, 42018, 0, 61848, 42021, 0, 61851, 42021, 0, 61857, 42023, 0, 61867, 65, -75
15:50:59.080 -> 42024, 0, 61863, 42026, 0, 61861, 42027, 0, 61863, 42028, 0, 61864, 42032, 0, 61872, 42034, 0, 61876, 42033, 0, 61881, 42032, 0, 61885, 42030, 0, 61887, 42028, 0, 61891, 66, -75
15:50:59.314 -> 42028, 0, 61886, 42020, 0, 61875, 42004, 65535, 61872, 41988, 0, 61890, 41980, 0, 61931, 41974, 0, 61974, 41968, 0, 62014, 41961, 0, 62042, 41956, 0, 62053, 41969, 0, 62071, 67, -75
15:50:59.503 -> 41992, 0, 62095, 41988, 0, 62109, 41988, 0, 62126, 41993, 0, 62138, 41997, 0, 62165, 42005, 0, 62183, 42009, 0, 62200, 42011, 0, 62214, 42013, 0, 62225, 42016, 0, 62234, 68, -75
15:50:59.690 -> 42018, 0, 62242, 42019, 0, 62247, 42019, 0, 62247, 42020, 0, 62248, 42013, 0, 62255, 42015, 0, 62258, 41996, 0, 62269, 41985, 0, 62298, 41978, 0, 62330, 41972, 0, 62366, 69, -75
15:50:59.972 -> 42018, 0, 62242, 42019, 0, 62247, 42019, 0, 62247, 42020, 0, 62248, 42013, 0, 62255, 42015, 0, 62258, 41996, 0, 62269, 41985, 0, 62298, 41978, 0, 62330, 41972, 0, 62366, 69, -75
15:51:00.205 -> 41968, 0, 62392, 41961, 0, 62404, 41958, 0, 62396, 41976, 0, 62412, 41986, 0, 62430, 41993, 0, 62445, 41994, 0, 62458, 41998, 0, 62469, 42002, 0, 62479, 42008, 0, 62486, 70, -75
15:51:00.392 -> 42012, 0, 62495, 42015, 0, 62489, 42016, 0, 62484, 42018, 0, 62484, 42018, 0, 62482, 42024, 0, 62485, 42025, 0, 62482, 42023, 0, 62477, 42019, 0, 62467, 42011, 0, 62452, 71, -75
15:51:00.533 -> 41994, 0, 62456, 41984, 0, 62465, 41975, 0, 62485, 41967, 0, 62510, 41962, 0, 62526, 41957, 0, 62531, 41962, 0, 62531, 41984, 0, 62552, 41991, 0, 62555, 41989, 0, 62557, 72, -75
15:51:00.766 -> 41994, 0, 62555, 42002, 0, 62554, 42001, 0, 62549, 42004, 0, 62540, 42009, 0, 62527, 42012, 0, 62526, 42017, 0, 62518, 42019, 0, 62509, 42020, 0, 62497, 42020, 0, 62484, 73, -75
15:51:00.953 -> 42020, 0, 62470, 42022, 0, 62451, 42016, 0, 62429, 42007, 0, 62401, 41991, 65535, 62393, 41978, 0, 62410, 41974, 0, 62432, 41968, 0, 62455, 41965, 0, 62473, 41955, 0, 62476, 74, -75
15:51:01.140 -> 41962, 0, 62478, 41985, 0, 62495, 41990, 0, 62493, 41989, 0, 62486, 41992, 0, 62479, 41991, 0, 62475, 42003, 0, 62467, 42009, 0, 62453, 42012, 0, 62438, 42014, 0, 62421, 75, -75
15:51:01.328 -> 42017, 0, 62403, 42020, 0, 62386, 42022, 0, 62359, 42022, 0, 62332, 42021, 0, 62310, 42017, 0, 62286, 42023, 0, 62261, 42009, 0, 62237, 41993, 0, 62235, 41985, 0, 62244, 76, -75
15:51:01.514 -> 41977, 0, 62263, 41974, 0, 62289, 41969, 0, 62298, 41961, 0, 62298, 41975, 0, 62305, 41993, 0, 62317, 41993, 0, 62312, 41999, 0, 62303, 42001, 0, 62292, 42005, 0, 62277, 77, -75
15:51:01.700 -> 42010, 0, 62259, 42016, 0, 62236, 42025, 0, 62214, 42020, 0, 62189, 42022, 0, 62163, 42026, 0, 62132, 42028, 0, 62113, 42032, 0, 62087, 42030, 0, 62060, 42028, 0, 62034, 78, -76
15:51:01.887 -> 42024, 0, 61997, 42008, 0, 61975, 41999, 0, 61971, 41989, 0, 61977, 41982, 0, 61998, 41978, 0, 62014, 41970, 0, 62033, 41974, 0, 62042, 41997, 0, 62064, 42003, 0, 62062, 79, -75
15:51:02.075 -> 42003, 0, 62051, 42006, 0, 62040, 42010, 0, 62022, 42014, 0, 62001, 42020, 0, 61975, 42023, 0, 61947, 42020, 0, 61925, 42031, 0, 61902, 42034, 0, 61876, 42035, 0, 61852, 80, -75
15:51:02.263 -> 42036, 0, 61827, 42036, 0, 61804, 42036, 0, 61783, 42034, 0, 61749, 42024, 0, 61713, 42007, 0, 61700, 41995, 0, 61710, 41993, 0, 61727, 41990, 0, 61755, 41985, 0, 61779, 81, -75
15:51:02.449 -> 41977, 0, 61793, 41986, 0, 61809, 42007, 0, 61834, 42010, 0, 61827, 42009, 0, 61816, 42011, 0, 61806, 42015, 0, 61792, 42023, 0, 61780, 42030, 0, 61764, 42032, 0, 61748, 82, -74
15:51:02.618 -> 42034, 0, 61732, 42037, 0, 61716, 42040, 0, 61698, 42047, 0, 61685, 42041, 0, 61670, 42040, 0, 61654, 42039, 0, 61635, 42038, 0, 61620, 42024, 0, 61618, 42011, 0, 61631, 83, -75
15:51:02.825 -> 42005, 0, 61654, 41999, 0, 61686, 41996, 0, 61716, 41988, 0, 61736, 41989, 0, 61750, 42008, 0, 61771, 42015, 0, 61778, 42012, 0, 61789, 42022, 0, 61794, 42025, 0, 61796, 84, -75
15:51:02.966 -> 42029, 0, 61800, 42034, 0, 61803, 42039, 0, 61806, 42040, 0, 61808, 42044, 0, 61809, 42047, 0, 61808, 42049, 0, 61810, 42046, 0, 61817, 42055, 0, 61825, 42054, 0, 61826, 85, -76
15:51:03.200 -> 42052, 0, 61827, 42041, 0, 61830, 42026, 0, 61853, 42017, 0, 61892, 42009, 0, 61921, 42005, 0, 61961, 41999, 0, 61987, 41987, 0, 61999, 42000, 0, 62008, 42022, 0, 62030, 86, -75
15:51:03.390 -> 42026, 0, 62044, 42027, 0, 62059, 42029, 0, 62072, 42034, 0, 62088, 42040, 0, 62099, 42043, 0, 62110, 42045, 0, 62123, 42048, 0, 62134, 42055, 0, 62154, 42060, 0, 62167, 87, -75
15:51:03.579 -> 42060, 0, 62180, 42060, 0, 62191, 42061, 0, 62201, 42060, 0, 62205, 42063, 0, 62207, 42043, 65535, 62212, 42028, 0, 62233, 42020, 0, 62259, 42014, 0, 62294, 42013, 0, 62317, 88, -75
15:51:03.766 -> 42004, 0, 62323, 42000, 0, 62317, 42017, 0, 62317, 42032, 0, 62332, 42033, 0, 62343, 42035, 0, 62352, 42038, 0, 62359, 42041, 0, 62368, 42044, 0, 62387, 42055, 0, 62400, 89, -75
15:51:03.908 -> 42057, 0, 62411, 42060, 0, 62421, 42064, 0, 62429, 42066, 0, 62435, 42068, 0, 62440, 42069, 0, 62440, 42069, 0, 62436, 42065, 0, 62434, 42056, 0, 62430, 42047, 0, 62439, 90, -75
15:51:04.142 -> 42036, 0, 62456, 42028, 0, 62473, 42023, 0, 62491, 42020, 0, 62501, 42013, 0, 62497, 42014, 0, 62478, 42034, 0, 62481, 42040, 0, 62489, 42041, 0, 62494, 42046, 0, 62501, 91, -76
15:51:04.328 -> 42052, 0, 62505, 42056, 0, 62510, 42062, 0, 62512, 42066, 0, 62512, 42069, 0, 62513, 42075, 0, 62509, 42076, 0, 62502, 42076, 0, 62497, 42080, 0, 62487, 42084, 0, 62487, 92, -75
15:51:04.470 -> 42084, 0, 62475, 42082, 0, 62464, 42070, 0, 62451, 42054, 0, 62455, 42047, 0, 62464, 42045, 0, 62475, 42037, 0, 62488, 42030, 0, 62489, 42023, 0, 62472, 42034, 0, 62461, 93, -75
15:51:04.703 -> 42054, 0, 62470, 42054, 0, 62470, 42054, 0, 62468, 42056, 0, 62464, 42058, 0, 62459, 42061, 0, 62451, 42066, 0, 62441, 42065, 0, 62425, 42064, 0, 62407, 42060, 0, 62396, 94, -74
15:51:04.890 -> 42066, 0, 62379, 42060, 0, 62358, 42055, 0, 62338, 42049, 0, 62315, 42043, 0, 62292, 42038, 0, 62264, 42019, 65535, 62233, 41999, 0, 62223, 41985, 0, 62225, 41970, 0, 62239, 95, -75
15:51:05.077 -> 41969, 0, 62253, 41962, 0, 62257, 41962, 0, 62261, 41986, 0, 62279, 42023, 0, 62310, 42044, 0, 62330, 42064, 0, 62333, 42084, 0, 62335, 42098, 0, 62333, 42110, 0, 62327, 96, -75
15:51:05.262 -> 42128, 0, 62319, 42138, 0, 62307, 42147, 0, 62295, 42157, 0, 62279, 42165, 0, 62260, 42170, 0, 62238, 42179, 0, 62216, 42176, 0, 62189, 42172, 0, 62161, 42169, 0, 62122, 97, -75
15:51:05.450 -> 42154, 0, 62103, 42142, 0, 62101, 42135, 0, 62111, 42131, 0, 62133, 42128, 0, 62151, 42127, 0, 62163, 42132, 0, 62170, 42153, 0, 62190, 42167, 0, 62201, 42173, 0, 62196, 98, -75
15:51:05.639 -> 42181, 0, 62200, 42195, 0, 62195, 42204, 0, 62183, 42214, 0, 62168, 42221, 0, 62148, 42226, 0, 62128, 42230, 0, 62106, 42236, 0, 62082, 42236, 0, 62052, 42235, 0, 62025, 99, -76
15:51:05.778 -> 42228, 0, 62004, 42234, 0, 61979, 42229, 0, 61950, 42216, 0, 61918, 42196, 0, 61902, 42184, 0, 61910, 42175, 0, 61930, 42170, 0, 61953, 42165, 0, 61978, 42156, 0, 61983, 100, -75
15:51:06.012 -> 42155, 0, 61992, 42181, 0, 62019, 42187, 0, 62022, 42187, 0, 62015, 42188, 0, 62012, 42190, 0, 62004, 42195, 0, 61994, 42198, 0, 61972, 42199, 0, 61950, 42198, 0, 61930, 101, -75
15:51:06.201 -> 42202, 0, 61911, 42209, 0, 61897, 42213, 0, 61879, 42212, 0, 61863, 42211, 0, 61846, 42211, 0, 61825, 42208, 0, 61798, 42202, 0, 61773, 42180, 0, 61765, 42171, 0, 61775, 102, -74
15:51:06.390 -> 42163, 0, 61798, 42158, 0, 61837, 42155, 0, 61862, 42146, 0, 61878, 42158, 0, 61894, 42174, 0, 61917, 42175, 0, 61914, 42174, 0, 61911, 42175, 0, 61906, 42176, 0, 61893, 103, -75
15:51:06.531 -> 42179, 0, 61880, 42179, 0, 61874, 42186, 0, 61865, 42185, 0, 61854, 42186, 0, 61845, 42187, 0, 61835, 42187, 0, 61827, 42185, 0, 61818, 42183, 0, 61807, 42178, 0, 61785, 104, -75
15:51:06.765 -> 42168, 0, 61764, 42146, 0, 61766, 42141, 0, 61790, 42133, 0, 61822, 42127, 0, 61864, 42122, 0, 61899, 42116, 0, 61921, 42116, 0, 61945, 42135, 0, 61967, 42142, 0, 61973, 105, -75
15:51:06.952 -> 42140, 0, 61981, 42141, 0, 61993, 42149, 0, 62005, 42154, 0, 62013, 42159, 0, 62022, 42164, 0, 62028, 42166, 0, 62033, 42169, 0, 62040, 42174, 0, 62039, 42173, 0, 62038, 106, -75
15:51:07.140 -> 42171, 0, 62039, 42172, 0, 62038, 42174, 0, 62045, 42173, 0, 62042, 42161, 0, 62042, 42145, 0, 62060, 42135, 0, 62091, 42128, 0, 62128, 42129, 0, 62169, 42119, 0, 62202, 107, -75
15:51:07.281 -> 42110, 0, 62210, 42111, 0, 62215, 42136, 0, 62251, 42143, 0, 62261, 42143, 0, 62277, 42146, 0, 62293, 42150, 0, 62305, 42155, 0, 62316, 42159, 0, 62324, 42164, 0, 62329, 108, -75
15:51:07.514 -> 42165, 0, 62329, 42168, 0, 62331, 42168, 0, 62340, 42175, 0, 62347, 42174, 0, 62350, 42173, 0, 62353, 42171, 0, 62348, 42169, 0, 62338, 42156, 0, 62333, 42138, 0, 62344, 109, -75
15:51:07.701 -> 42129, 0, 62368, 42119, 0, 62396, 42110, 0, 62432, 42110, 0, 62444, 42104, 0, 62440, 42119, 0, 62454, 42136, 0, 62470, 42138, 0, 62477, 42139, 0, 62490, 42143, 0, 62488, 110, -75
15:51:07.890 -> 42145, 0, 62488, 42148, 0, 62490, 42153, 0, 62492, 42160, 0, 62494, 42162, 0, 62493, 42163, 0, 62491, 42165, 0, 62486, 42165, 0, 62478, 42166, 0, 62469, 42170, 0, 62459, 111, -75
15:51:08.076 -> 42162, 0, 62443, 42156, 0, 62421, 42145, 0, 62405, 42130, 0, 62420, 42122, 0, 62440, 42114, 0, 62463, 42110, 0, 62484, 42103, 0, 62491, 42099, 0, 62482, 42115, 0, 62486, 112, -75
15:51:08.262 -> 42130, 0, 62499, 42130, 0, 62497, 42129, 0, 62492, 42133, 0, 62498, 42141, 0, 62496, 42144, 0, 62491, 42150, 0, 62483, 42152, 0, 62473, 42154, 0, 62461, 42157, 0, 62447, 113, -75
15:51:08.449 -> 42160, 0, 62431, 42160, 0, 62410, 42160, 0, 62392, 42156, 0, 62378, 42162, 0, 62362, 42155, 0, 62336, 42137, 0, 62325, 42126, 0, 62329, 42118, 0, 62343, 42113, 0, 62366, 114, -74
15:51:08.636 -> 42108, 0, 62374, 42098, 0, 62374, 42097, 0, 62363, 42116, 0, 62376, 42129, 0, 62381, 42132, 65535, 62373, 42132, 0, 62368, 42136, 0, 62358, 42140, 0, 62346, 42145, 0, 62333, 115, -74
15:51:08.967 -> 42108, 0, 62374, 42098, 0, 62374, 42097, 0, 62363, 42116, 0, 62376, 42129, 0, 62381, 42132, 65535, 62373, 42132, 0, 62368, 42136, 0, 62358, 42140, 0, 62346, 42145, 0, 62333, 115, -75
15:51:09.155 -> 42151, 0, 62312, 42150, 0, 62289, 42151, 0, 62269, 42155, 0, 62246, 42160, 0, 62228, 42161, 0, 62206, 42160, 0, 62184, 42160, 0, 62158, 42156, 0, 62130, 42145, 0, 62100, 116, -75
15:51:09.345 -> 42135, 0, 62092, 42123, 0, 62092, 42111, 0, 62103, 42106, 0, 62120, 42102, 0, 62137, 42096, 0, 62133, 42104, 0, 62134, 42123, 0, 62153, 42125, 0, 62149, 42129, 0, 62142, 117, -75
15:51:09.533 -> 42131, 0, 62129, 42134, 0, 62114, 42139, 0, 62093, 42145, 0, 62070, 42143, 0, 62051, 42152, 0, 62029, 42153, 0, 62008, 42157, 0, 61984, 42156, 0, 61960, 42157, 0, 61937, 118, -75
15:51:09.722 -> 42157, 0, 61918, 42155, 0, 61888, 42155, 0, 61850, 42137, 0, 61824, 42121, 0, 61817, 42117, 0, 61822, 42109, 0, 61837, 42105, 0, 61860, 42099, 0, 61876, 42094, 0, 61878, 119, -75
15:51:09.910 -> 42109, 0, 61896, 42126, 0, 61906, 42125, 0, 61899, 42126, 0, 61888, 42128, 0, 61876, 42136, 0, 61864, 42143, 0, 61847, 42146, 0, 61828, 42148, 0, 61808, 42150, 0, 61788, 120, -75
15:51:10.096 -> 42154, 0, 61770, 42162, 0, 61749, 42156, 0, 61731, 42155, 0, 61709, 42156, 0, 61685, 42154, 0, 61674, 42155, 0, 61650, 42136, 0, 61636, 42122, 0, 61643, 42116, 0, 61658, 121, -74
15:51:10.282 -> 42109, 0, 61684, 42103, 0, 61709, 42096, 0, 61727, 42094, 0, 61734, 42109, 0, 61747, 42120, 0, 61765, 42125, 0, 61766, 42127, 0, 61764, 42130, 0, 61764, 42134, 0, 61759, 122, -75
15:51:10.471 -> 42140, 0, 61755, 42144, 0, 61752, 42146, 0, 61741, 42147, 0, 61733, 42149, 0, 61728, 42149, 0, 61725, 42157, 0, 61727, 42157, 0, 61723, 42155, 0, 61724, 42153, 0, 61720, 123, -75
15:51:10.659 -> 42150, 0, 61713, 42137, 0, 61721, 42121, 0, 61741, 42113, 0, 61773, 42106, 0, 61808, 42100, 0, 61844, 42096, 0, 61864, 42092, 0, 61874, 42112, 0, 61889, 42122, 0, 61905, 124, -74
15:51:10.847 -> 42123, 0, 61917, 42125, 0, 61929, 42133, 0, 61939, 42131, 0, 61950, 42135, 0, 61959, 42140, 0, 61964, 42142, 0, 61984, 42148, 0, 61999, 42149, 0, 62013, 42151, 0, 62025, 125, -75
15:51:11.034 -> 42151, 0, 62036, 42151, 0, 62047, 42150, 0, 62056, 42148, 0, 62062, 42144, 0, 62063, 42127, 0, 62081, 42111, 0, 62120, 42109, 0, 62154, 42104, 0, 62184, 42100, 0, 62206, 126, -75
15:51:11.220 -> 42092, 0, 62204, 42091, 0, 62196, 42112, 0, 62206, 42120, 0, 62218, 42119, 0, 62227, 42119, 0, 62240, 42120, 0, 62258, 42132, 0, 62279, 42137, 0, 62295, 42141, 0, 62310, 127, -75
15:51:11.406 -> 42142, 0, 62324, 42145, 0, 62337, 42149, 0, 62354, 42150, 0, 62358, 42150, 0, 62363, 42148, 0, 62372, 42147, 0, 62375, 42151, 0, 62384, 42138, 0, 62390, 42121, 0, 62411, 128, -75
15:51:11.592 -> 42113, 0, 62432, 42106, 0, 62446, 42103, 0, 62456, 42101, 0, 62454, 42089, 0, 62435, 42096, 0, 62418, 42116, 0, 62419, 42116, 0, 62436, 42120, 0, 62444, 42121, 0, 62453, 129, -74
15:51:11.782 -> 42126, 0, 62463, 42130, 0, 62472, 42135, 0, 62479, 42138, 0, 62485, 42139, 0, 62490, 42142, 0, 62491, 42145, 0, 62489, 42142, 0, 62498, 42150, 0, 62501, 42148, 0, 62500, 130, -74
15:51:11.970 -> 42146, 0, 62497, 42143, 0, 62487, 42129, 0, 62482, 42113, 0, 62490, 42106, 0, 62496, 42100, 0, 62505, 42094, 0, 62503, 42084, 0, 62501, 42085, 0, 62476, 42096, 0, 62460, 131, -75
15:51:12.161 -> 42112, 0, 62467, 42114, 0, 62470, 42114, 0, 62470, 42118, 0, 62477, 42122, 0, 62472, 42126, 0, 62470, 42128, 0, 62468, 42131, 0, 62466, 42138, 0, 62468, 42142, 0, 62463, 132, -74
15:51:12.348 -> 42143, 0, 62460, 42144, 0, 62453, 42144, 0, 62445, 42145, 0, 62436, 42147, 0, 62423, 42139, 0, 62404, 42124, 0, 62388, 42110, 0, 62387, 42103, 0, 62398, 42098, 0, 62405, 133, -75
15:51:12.578 -> 42093, 0, 62408, 42087, 0, 62401, 42082, 0, 62382, 42093, 0, 62368, 42113, 0, 62374, 42114, 0, 62373, 42111, 0, 62367, 42113, 0, 62358, 42116, 0, 62360, 42125, 0, 62355, 134, -75
15:51:12.724 -> 42129, 0, 62346, 42132, 0, 62334, 42133, 0, 62322, 42136, 0, 62310, 42140, 0, 62295, 42141, 0, 62277, 42139, 0, 62253, 42136, 0, 62227, 42118, 0, 62210, 42110, 0, 62209, 135, -75
15:51:12.912 -> 42103, 0, 62210, 42098, 0, 62216, 42092, 0, 62220, 42086, 0, 62213, 42084, 0, 62208, 42098, 0, 62200, 42112, 0, 62202, 42111, 0, 62195, 42107, 0, 62189, 42116, 0, 62183, 0, -75
15:51:13.098 -> 42121, 0, 62171, 42126, 0, 62158, 42129, 0, 62142, 42131, 0, 62126, 42134, 0, 62110, 42140, 0, 62089, 42138, 0, 62067, 42137, 0, 62047, 42138, 0, 62020, 42138, 0, 61996, 1, -75
15:51:13.286 -> 42123, 0, 61977, 42109, 0, 61975, 42102, 0, 61980, 42097, 0, 61990, 42091, 0, 61995, 42089, 0, 61991, 42090, 0, 61988, 42107, 0, 61995, 42110, 0, 61985, 42109, 0, 61982, 2, -75
15:51:13.474 -> 42114, 0, 61970, 42117, 0, 61957, 42122, 0, 61943, 42126, 0, 61927, 42129, 0, 61909, 42130, 0, 61891, 42134, 0, 61873, 42136, 0, 61851, 42137, 0, 61829, 42134, 0, 61813, 3, -74
15:51:13.660 -> 42140, 0, 61795, 42135, 0, 61767, 42118, 0, 61754, 42105, 0, 61759, 42099, 0, 61771, 42093, 0, 61791, 42088, 0, 61800, 42080, 0, 61806, 42090, 0, 61812, 42104, 0, 61825, 4, -75
15:51:13.846 -> 42111, 0, 61823, 42110, 0, 61817, 42113, 0, 61811, 42117, 0, 61804, 42120, 0, 61794, 42127, 0, 61788, 42130, 0, 61773, 42130, 0, 61759, 42131, 0, 61750, 42135, 0, 61739, 5, -75
15:51:14.031 -> 42140, 0, 61733, 42140, 0, 61724, 42140, 0, 61715, 42138, 0, 61704, 42130, 0, 61689, 42114, 0, 61691, 42107, 0, 61712, 42096, 0, 61737, 42091, 0, 61765, 42083, 0, 61783, 6, -75
15:51:14.219 -> 42081, 0, 61800, 42104, 0, 61826, 42111, 0, 61836, 42118, 0, 61839, 42114, 0, 61839, 42116, 0, 61848, 42124, 0, 61847, 42128, 0, 61845, 42132, 0, 61844, 42134, 0, 61840, 7, -75
15:51:14.404 -> 42134, 0, 61849, 42143, 0, 61852, 42144, 0, 61855, 42144, 0, 61857, 42143, 0, 61858, 42142, 0, 61860, 42141, 0, 61866, 42140, 0, 61862, 42137, 0, 61859, 42134, 0, 61853, 8, -75
15:51:14.593 -> 42119, 0, 61855, 42109, 0, 61870, 42095, 0, 61889, 42083, 0, 61914, 42073, 0, 61941, 42074, 0, 61964, 42076, 0, 61979, 42073, 0, 61987, 42067, 0, 61996, 42061, 0, 62003, 9, -74
15:51:14.781 -> 42058, 0, 62016, 42063, 0, 62027, 42064, 0, 62034, 42062, 0, 62042, 42062, 0, 62052, 42068, 0, 62066, 42079, 0, 62084, 42099, 0, 62105, 42111, 0, 62127, 42128, 0, 62144, 10, -75
15:51:14.969 -> 42143, 0, 62166, 42164, 0, 62185, 42175, 0, 62197, 42182, 0, 62209, 42190, 0, 62218, 42197, 0, 62224, 42200, 0, 62227, 42202, 0, 62229, 42205, 0, 62229, 42205, 0, 62225, 11, -75
15:51:15.157 -> 42202, 0, 62229, 42212, 0, 62237, 42216, 0, 62238, 42213, 0, 62236, 42210, 0, 62233, 42208, 0, 62230, 42205, 0, 62228, 42204, 0, 62231, 42205, 0, 62227, 42205, 0, 62225, 12, -75
15:51:15.345 -> 42203, 0, 62225, 42210, 0, 62233, 42216, 0, 62237, 42218, 0, 62240, 42221, 0, 62244, 42226, 0, 62248, 42232, 0, 62253, 42237, 0, 62256, 42242, 0, 62255, 42239, 0, 62253, 13, -75
15:51:15.485 -> 42235, 0, 62244, 42234, 0, 62250, 42238, 0, 62251, 42237, 0, 62248, 42235, 0, 62244, 42233, 0, 62240, 42232, 0, 62237, 42231, 0, 62232, 42227, 0, 62225, 42223, 0, 62219, 14, -75
15:51:15.720 -> 42220, 0, 62207, 42215, 0, 62210, 42222, 0, 62209, 42221, 0, 62204, 42219, 0, 62201, 42218, 0, 62198, 42217, 0, 62195, 42216, 0, 62192, 42216, 0, 62187, 42214, 0, 62180, 15, -76
15:51:15.908 -> 42211, 0, 62171, 42203, 0, 62159, 42203, 0, 62162, 42203, 0, 62157, 42200, 0, 62149, 42196, 0, 62143, 42194, 0, 62137, 42193, 0, 62130, 42192, 0, 62125, 42191, 0, 62120, 16, -75
15:51:16.048 -> 42191, 0, 62109, 42189, 0, 62096, 42182, 0, 62090, 42188, 0, 62085, 42186, 0, 62075, 42183, 0, 62066, 42181, 0, 62058, 42180, 0, 62049, 42179, 0, 62040, 42178, 0, 62031, 17, -74
15:51:16.281 -> 42177, 0, 62021, 42175, 0, 62011, 42172, 0, 61994, 42168, 0, 61991, 42173, 0, 61982, 42172, 0, 61972, 42171, 0, 61962, 42170, 0, 61952, 42170, 0, 61941, 42169, 0, 61929, 18, -74
15:51:16.470 -> 42168, 0, 61917, 42170, 0, 61904, 42164, 0, 61891, 42161, 0, 61871, 42158, 0, 61866, 42161, 0, 61856, 42160, 0, 61844, 42158, 0, 61832, 42157, 0, 61821, 42156, 0, 61808, 19, -75
15:51:16.655 -> 42155, 0, 61796, 42154, 0, 61783, 42156, 0, 61769, 42150, 0, 61756, 42147, 0, 61738, 42146, 0, 61735, 42151, 0, 61726, 42152, 0, 61714, 42152, 0, 61703, 42152, 0, 61691, 20, -75
15:51:16.796 -> 42151, 0, 61680, 42150, 0, 61668, 42150, 0, 61657, 42151, 0, 61645, 42148, 0, 61633, 42147, 0, 61615, 42145, 0, 61613, 42150, 0, 61603, 42150, 0, 61593, 42150, 0, 61584, 21, -75
15:51:17.031 -> 42151, 0, 61574, 42151, 0, 61565, 42151, 0, 61555, 42151, 0, 61545, 42150, 0, 61536, 42151, 0, 61524, 42148, 0, 61508, 42144, 0, 61505, 42151, 0, 61497, 42150, 0, 61487, 22, -75
15:51:17.217 -> 42150, 0, 61479, 42150, 0, 61470, 42150, 0, 61462, 42150, 0, 61453, 42150, 0, 61445, 42150, 0, 61443, 42149, 0, 61426, 42147, 0, 61413, 42141, 0, 61407, 42148, 0, 61402, 23, -75
15:51:17.357 -> 42148, 0, 61395, 42148, 0, 61388, 42148, 0, 61380, 42148, 0, 61374, 42148, 0, 61366, 42148, 0, 61359, 42148, 0, 61354, 42151, 0, 61345, 42146, 0, 61334, 42142, 0, 61325, 24, -76
15:51:17.605 -> 42145, 0, 61324, 42147, 0, 61319, 42147, 0, 61313, 42146, 0, 61307, 42146, 0, 61302, 42147, 0, 61297, 42147, 0, 61292, 42148, 0, 61288, 42150, 0, 61282, 42148, 0, 61275, 25, -75
15:51:17.776 -> 42146, 0, 61264, 42145, 0, 61267, 42150, 0, 61264, 42151, 0, 61258, 42151, 0, 61254, 42151, 0, 61249, 42152, 0, 61244, 42153, 0, 61240, 42153, 0, 61236, 42153, 0, 61234, 26, -75
15:51:17.917 -> 42153, 0, 61226, 42152, 0, 61215, 42147, 0, 61216, 42154, 0, 61215, 42156, 0, 61211, 42156, 0, 61208, 42156, 0, 61204, 42157, 0, 61202, 42158, 0, 61199, 42158, 0, 61197, 27, -75
15:51:18.151 -> 42159, 0, 61198, 42162, 0, 61190, 42159, 0, 61184, 42155, 0, 61179, 42160, 0, 61181, 42161, 0, 61179, 42161, 0, 61176, 42162, 0, 61173, 42163, 0, 61172, 42164, 0, 61169, 28, -75
15:51:18.338 -> 42165, 0, 61166, 42166, 0, 61164, 42169, 0, 61162, 42166, 0, 61158, 42164, 0, 61149, 42165, 0, 61154, 42169, 0, 61153, 42170, 0, 61150, 42170, 0, 61148, 42171, 0, 61146, 29, -75
15:51:18.478 -> 42172, 0, 61145, 42173, 0, 61142, 42173, 0, 61141, 42174, 0, 61142, 42175, 0, 61135, 42174, 0, 61127, 42169, 0, 61131, 42177, 0, 61133, 42179, 0, 61129, 42178, 0, 61128, 30, -75
15:51:18.713 -> 42178, 0, 61127, 42179, 0, 61126, 42180, 0, 61125, 42181, 0, 61123, 42181, 0, 61125, 42185, 0, 61118, 42181, 0, 61114, 42177, 0, 61110, 42182, 0, 61113, 42183, 0, 61113, 31, -75
15:51:18.900 -> 42183, 0, 61109, 42183, 0, 61107, 42183, 0, 61105, 42184, 0, 61102, 42184, 0, 61098, 42184, 0, 61097, 42189, 0, 61090, 42182, 0, 61085, 42182, 0, 61075, 42180, 0, 61078, 32, -75
15:51:19.088 -> 42185, 0, 61073, 42185, 0, 61068, 42184, 0, 61064, 42186, 0, 61058, 42184, 0, 61052, 42186, 0, 61046, 42185, 0, 61040, 42185, 0, 61037, 42185, 0, 61029, 42182, 0, 61021, 33, -75
15:51:19.229 -> 42179, 0, 61026, 42186, 0, 61028, 42187, 0, 61029, 42188, 0, 61032, 42188, 0, 61036, 42190, 0, 61041, 42191, 0, 61046, 42192, 0, 61053, 42193, 0, 61067, 42196, 0, 61068, 34, -75
15:51:19.462 -> 42194, 0, 61074, 42189, 0, 61084, 42195, 0, 61101, 42197, 0, 61112, 42196, 0, 61125, 42197, 0, 61137, 42197, 0, 61150, 42197, 0, 61163, 42196, 0, 61176, 42196, 0, 61186, 35, -75
15:51:19.649 -> 42200, 0, 61200, 42192, 0, 61208, 42188, 0, 61216, 42189, 0, 61238, 42191, 0, 61248, 42189, 0, 61258, 42190, 0, 61267, 42188, 0, 61277, 42191, 0, 61287, 42192, 0, 61295, 36, -75
15:51:19.790 -> 42194, 0, 61300, 42194, 0, 61308, 42196, 0, 61312, 42197, 0, 61309, 42195, 0, 61323, 42203, 0, 61326, 42205, 0, 61328, 42206, 0, 61333, 42208, 0, 61336, 42212, 0, 61340, 37, -76
15:51:19.978 -> 42213, 0, 61339, 42214, 0, 61341, 42219, 0, 61354, 42221, 0, 61340, 42222, 0, 61338, 42219, 0, 61346, 42229, 0, 61349, 42232, 0, 61346, 42236, 0, 61349, 42240, 0, 61349, 38, -75
15:51:20.215 -> 42244, 0, 61350, 42249, 0, 61351, 42254, 0, 61349, 42258, 0, 61350, 42268, 0, 61350, 42268, 0, 61350, 42270, 0, 61350, 42281, 0, 61359, 42291, 0, 61364, 42301, 0, 61370, 39, -75
15:51:20.357 -> 42314, 0, 61380, 42331, 0, 61394, 42352, 0, 61412, 42376, 0, 61428, 42397, 0, 61439, 42414, 0, 61444, 42418, 0, 61441, 42418, 0, 61432, 42418, 0, 61436, 42421, 0, 61427, 40, -75
15:51:20.544 -> 42417, 0, 61420, 42412, 0, 61412, 42408, 0, 61406, 42405, 0, 61401, 42403, 0, 61395, 42401, 0, 61391, 42399, 0, 61388, 42396, 0, 61377, 42392, 0, 61368, 42386, 0, 61372, 41, -75
15:51:20.734 -> 42392, 0, 61370, 42393, 0, 61369, 42394, 0, 61367, 42394, 0, 61367, 42397, 0, 61368, 42401, 0, 61368, 42405, 0, 61370, 42409, 0, 61374, 42413, 0, 61367, 42411, 0, 61364, 42, -75
15:51:20.921 -> 42407, 0, 61361, 42416, 0, 61367, 42419, 0, 61365, 42422, 0, 61369, 42427, 0, 61368, 42433, 0, 61368, 42437, 0, 61372, 42440, 0, 61370, 42443, 0, 61368, 42450, 0, 61365, 43, -75
15:51:21.108 -> 42443, 0, 61360, 42443, 0, 61352, 42440, 0, 61359, 42446, 0, 61353, 42445, 0, 61354, 42447, 0, 61352, 42449, 0, 61352, 42453, 0, 61351, 42454, 0, 61349, 42455, 0, 61347, 44, -74
15:51:21.295 -> 42455, 0, 61345, 42457, 0, 61339, 42455, 0, 61331, 42452, 0, 61335, 42459, 0, 61333, 42459, 0, 61328, 42460, 0, 61325, 42459, 0, 61319, 42457, 0, 61313, 42455, 0, 61307, 45, -75
15:51:21.483 -> 42453, 0, 61303, 42453, 0, 61305, 42450, 0, 61291, 42446, 0, 61281, 42439, 0, 61279, 42444, 0, 61277, 42442, 0, 61269, 42439, 0, 61263, 42437, 0, 61257, 42435, 0, 61251, 46, -75
15:51:21.669 -> 42434, 0, 61246, 42431, 0, 61241, 42430, 0, 61236, 42435, 0, 61231, 42426, 0, 61223, 42420, 0, 61215, 42422, 0, 61218, 42422, 0, 61214, 42421, 0, 61212, 42421, 0, 61210, 47, -74
15:51:21.858 -> 42421, 0, 61207, 42421, 0, 61205, 42422, 0, 61202, 42422, 0, 61200, 42424, 0, 61197, 42421, 0, 61192, 42418, 0, 61182, 42416, 0, 61188, 42421, 0, 61186, 42422, 0, 61184, 48, -75
15:51:22.046 -> 42421, 0, 61182, 42421, 0, 61179, 42420, 0, 61176, 42419, 0, 61172, 42418, 0, 61170, 42419, 0, 61171, 42419, 0, 61164, 42418, 0, 61156, 42415, 0, 61160, 42423, 0, 61161, 49, -75
15:51:22.230 -> 42425, 0, 61158, 42425, 0, 61157, 42427, 0, 61156, 42429, 0, 61155, 42430, 0, 61154, 42431, 0, 61153, 42433, 0, 61157, 42438, 0, 61150, 42435, 0, 61145, 42431, 0, 61143, 50, -74
15:51:22.418 -> 42437, 0, 61148, 42440, 0, 61145, 42440, 0, 61143, 42441, 0, 61141, 42442, 0, 61140, 42444, 0, 61139, 42445, 0, 61137, 42447, 0, 61136, 42454, 0, 61136, 42449, 0, 61132, 51, -75
15:51:22.605 -> 42448, 0, 61126, 42451, 0, 61133, 42457, 0, 61133, 42458, 0, 61131, 42459, 0, 61131, 42462, 0, 61129, 42463, 0, 61129, 42465, 0, 61128, 42466, 0, 61127, 42465, 0, 61128, 52, -75
15:51:22.792 -> 42467, 0, 61124, 42466, 0, 61116, 42464, 0, 61123, 42472, 0, 61124, 42473, 0, 61122, 42474, 0, 61121, 42475, 0, 61120, 42476, 0, 61120, 42477, 0, 61119, 42478, 0, 61119, 53, -75
15:51:22.980 -> 42480, 0, 61126, 42481, 0, 61116, 42480, 0, 61110, 42475, 0, 61112, 42483, 0, 61115, 42484, 0, 61114, 42485, 0, 61114, 42486, 0, 61113, 42487, 0, 61113, 42488, 0, 61113, 54, -74
15:51:23.168 -> 42489, 0, 61113, 42490, 0, 61114, 42496, 0, 61110, 42491, 0, 61106, 42487, 0, 61102, 42492, 0, 61109, 42495, 0, 61109, 42495, 0, 61108, 42496, 0, 61108, 42497, 0, 61108, 55, -75
15:51:23.357 -> 42497, 0, 61107, 42498, 0, 61106, 42500, 0, 61106, 42503, 0, 61105, 42500, 0, 61102, 42497, 0, 61095, 42496, 0, 61102, 42501, 0, 61102, 42502, 0, 61101, 42502, 0, 61101, 56, -75
15:51:23.546 -> 42503, 0, 61099, 42503, 0, 61099, 42504, 0, 61098, 42504, 0, 61096, 42504, 0, 61097, 42504, 0, 61090, 42502, 0, 61082, 42497, 0, 61086, 42504, 0, 61087, 42505, 0, 61086, 57, -74
15:51:23.733 -> 42505, 0, 61084, 42506, 0, 61084, 42506, 0, 61084, 42507, 0, 61083, 42507, 0, 61083, 42507, 0, 61089, 42510, 0, 61080, 42506, 0, 61075, 42501, 0, 61074, 42506, 0, 61079, 58, -75
15:51:23.921 -> 42508, 0, 61078, 42508, 0, 61078, 42509, 0, 61077, 42509, 0, 61076, 42509, 0, 61076, 42510, 0, 61075, 42510, 0, 61073, 42518, 0, 61074, 42509, 0, 61071, 42505, 0, 61065, 59, -75
15:51:24.109 -> 42507, 0, 61072, 42511, 0, 61072, 42511, 0, 61071, 42510, 0, 61071, 42511, 0, 61070, 42511, 0, 61070, 42512, 0, 61069, 42512, 0, 61069, 42511, 0, 61069, 42512, 0, 61065, 60, -75
15:51:24.296 -> 42510, 0, 61058, 42506, 0, 61064, 42513, 0, 61065, 42513, 0, 61064, 42513, 0, 61063, 42513, 0, 61063, 42514, 0, 61062, 42514, 0, 61061, 42515, 0, 61061, 42515, 0, 61069, 61, -75
15:51:24.484 -> 42516, 0, 61058, 42514, 0, 61053, 42509, 0, 61054, 42515, 0, 61058, 42516, 0, 61058, 42516, 0, 61058, 42517, 0, 61057, 42517, 0, 61057, 42518, 0, 61056, 42518, 0, 61055, 62, -75
15:51:24.671 -> 42519, 0, 61055, 42526, 0, 61054, 42518, 0, 61049, 42514, 0, 61044, 42517, 0, 61051, 42520, 0, 61050, 42520, 0, 61049, 42521, 0, 61048, 42521, 0, 61047, 42522, 0, 61046, 63, -75
15:51:24.859 -> 42523, 0, 61044, 42524, 0, 61044, 42525, 0, 61043, 42524, 0, 61039, 42521, 0, 61032, 42519, 0, 61039, 42526, 0, 61039, 42527, 0, 61039, 42527, 0, 61038, 42528, 0, 61037, 64, -75
15:51:25.045 -> 42528, 0, 61036, 42529, 0, 61036, 42529, 0, 61035, 42530, 0, 61041, 42531, 0, 61033, 42529, 0, 61027, 42524, 0, 61031, 42531, 0, 61034, 42532, 0, 61033, 42533, 0, 61032, 65, -75
15:51:25.231 -> 42533, 0, 61031, 42534, 0, 61031, 42535, 0, 61030, 42535, 0, 61030, 42536, 0, 61032, 42542, 0, 61029, 42535, 0, 61025, 42531, 0, 61021, 42535, 0, 61028, 42538, 0, 61026, 66, -75
15:51:25.419 -> 42538, 0, 61026, 42538, 0, 61026, 42539, 0, 61025, 42540, 0, 61025, 42540, 0, 61024, 42541, 0, 61025, 42544, 0, 61026, 42541, 0, 61022, 42539, 0, 61016, 42537, 0, 61024, 67, -75
15:51:25.605 -> 42543, 0, 61025, 42544, 0, 61024, 42544, 0, 61023, 42544, 0, 61022, 42545, 0, 61022, 42546, 0, 61022, 42546, 0, 61022, 42547, 0, 61028, 42549, 0, 61021, 42546, 0, 61015, 68, -75
15:51:25.792 -> 42542, 0, 61020, 42550, 0, 61022, 42550, 0, 61022, 42550, 0, 61022, 42551, 0, 61022, 42551, 0, 61023, 42553, 0, 61022, 42552, 0, 61023, 42553, 0, 61025, 42559, 0, 61022, 69, -75
15:51:25.982 -> 42553, 0, 61020, 42554, 0, 61015, 42556, 0, 61022, 42556, 0, 61022, 42558, 0, 61025, 42566, 0, 61027, 42568, 0, 61027, 42566, 0, 61021, 42556, 0, 61023, 42562, 0, 61023, 70, -75
15:51:26.170 -> 42566, 0, 61023, 42563, 0, 61019, 42561, 0, 61013, 42560, 0, 61022, 42568, 0, 61020, 42567, 0, 61020, 42566, 0, 61019, 42565, 0, 61020, 42567, 0, 61019, 42567, 0, 61019, 71, -75
15:51:26.358 -> 42569, 0, 61020, 42569, 0, 61029, 42575, 0, 61018, 42570, 0, 61013, 42566, 0, 61017, 42574, 0, 61020, 42574, 0, 61018, 42574, 0, 61021, 42580, 0, 61020, 42579, 0, 61020, 72, -75
15:51:26.544 -> 42581, 0, 61021, 42580, 0, 61020, 42581, 0, 61019, 42590, 0, 61020, 42582, 0, 61015, 42578, 0, 61010, 42580, 0, 61019, 42585, 0, 61019, 42585, 0, 61019, 42586, 0, 61020, 73, -75
15:51:26.732 -> 42588, 0, 61020, 42588, 0, 61020, 42590, 0, 61020, 42590, 0, 61020, 42590, 0, 61021, 42592, 0, 61016, 42589, 0, 61010, 42585, 0, 61017, 42592, 0, 61019, 42593, 0, 61018, 74, -75
15:51:26.921 -> 42594, 0, 61018, 42593, 0, 61015, 42589, 0, 61014, 42587, 0, 61015, 42590, 0, 61016, 42591, 0, 61023, 42596, 0, 61016, 42594, 0, 61011, 42587, 0, 61009, 42594, 0, 61018, 75, -76
15:51:27.110 -> 42602, 0, 61020, 42605, 0, 61018, 42607, 0, 61019, 42609, 0, 61019, 42608, 0, 61017, 42610, 0, 61017, 42612, 0, 61017, 42616, 0, 61018, 42612, 0, 61013, 42608, 0, 61007, 76, -75
15:51:27.299 -> 42608, 0, 61015, 42615, 0, 61015, 42615, 0, 61015, 42615, 0, 61014, 42617, 0, 61014, 42618, 0, 61014, 42619, 0, 61014, 42620, 0, 61014, 42621, 0, 61022, 42623, 0, 61013, 77, -75
15:51:27.486 -> 42621, 0, 61007, 42616, 0, 61009, 42623, 0, 61012, 42625, 0, 61012, 42626, 0, 61012, 42626, 0, 61012, 42627, 0, 61012, 42628, 0, 61012, 42629, 0, 61012, 42630, 0, 61010, 78, -75
15:51:27.671 -> 42638, 0, 61012, 42630, 0, 61007, 42627, 0, 61002, 42627, 0, 61010, 42633, 0, 61010, 42633, 0, 61010, 42634, 0, 61010, 42635, 0, 61010, 42635, 0, 61011, 42637, 0, 61009, 79, -75
15:51:27.859 -> 42637, 0, 61009, 42637, 0, 61015, 42638, 0, 61005, 42635, 0, 60998, 42628, 0, 61000, 42634, 0, 61002, 42634, 0, 61000, 42633, 0, 60999, 42632, 0, 60995, 42630, 0, 60992, 80, -75
15:51:28.045 -> 42628, 0, 60989, 42625, 0, 60983, 42621, 0, 60977, 42623, 0, 60974, 42610, 0, 60963, 42599, 0, 60949, 42592, 0, 60950, 42590, 0, 60944, 42585, 0, 60940, 42581, 0, 60935, 81, -75
15:51:28.233 -> 42577, 0, 60933, 42576, 0, 60932, 42577, 0, 60938, 42583, 0, 60953, 42601, 0, 60985, 42627, 0, 60994, 42645, 0, 61008, 42656, 0, 61023, 42677, 0, 61036, 42688, 0, 61044, 82, -75
15:51:28.419 -> 42695, 0, 61049, 42701, 0, 61052, 42706, 0, 61056, 42713, 0, 61060, 42719, 0, 61065, 42724, 0, 61068, 42732, 0, 61072, 42735, 0, 61069, 42733, 0, 61061, 42729, 0, 61072, 83, -75
15:51:28.607 -> 42740, 0, 61072, 42743, 0, 61069, 42741, 0, 61070, 42747, 0, 61072, 42755, 0, 61076, 42760, 0, 61078, 42766, 0, 61078, 42765, 0, 61086, 42769, 0, 61087, 42770, 0, 61087, 84, -74
15:51:28.794 -> 42768, 0, 61088, 42776, 0, 61094, 42779, 0, 61096, 42780, 0, 61102, 42787, 0, 61103, 42790, 0, 61099, 42787, 0, 61100, 42788, 0, 61099, 42788, 0, 61098, 42788, 0, 61100, 85, -75
15:51:28.980 -> 42789, 0, 61092, 42787, 0, 61085, 42781, 0, 61086, 42783, 0, 61086, 42782, 0, 61084, 42781, 0, 61084, 42787, 0, 61085, 42790, 0, 61085, 42791, 0, 61082, 42789, 0, 61082, 86, -75
15:51:29.170 -> 42791, 0, 61080, 42789, 0, 61081, 42785, 0, 61073, 42779, 0, 61067, 42779, 0, 61072, 42783, 0, 61073, 42784, 0, 61072, 42782, 0, 61070, 42782, 0, 61068, 42781, 0, 61067, 87, -74
15:51:29.354 -> 42782, 0, 61067, 42782, 0, 61066, 42783, 0, 61064, 42791, 0, 61064, 42782, 0, 61060, 42777, 0, 61054, 42778, 0, 61061, 42781, 0, 61060, 42780, 0, 61059, 42780, 0, 61058, 88, -75
15:51:29.541 -> 42779, 0, 61056, 42779, 0, 61055, 42778, 0, 61053, 42777, 0, 61051, 42776, 0, 61054, 42778, 0, 61046, 42772, 0, 61040, 42765, 0, 61036, 42768, 0, 61041, 42769, 0, 61040, 89, -75
15:51:29.728 -> 42768, 0, 61038, 42767, 0, 61037, 42766, 0, 61035, 42765, 0, 61033, 42764, 0, 61031, 42763, 0, 61029, 42762, 0, 61036, 42763, 0, 61025, 42758, 0, 61018, 42752, 0, 61016, 90, -75
15:51:29.917 -> 42755, 0, 61019, 42756, 0, 61017, 42755, 0, 61015, 42753, 0, 61014, 42752, 0, 61012, 42751, 0, 61011, 42750, 0, 61009, 42750, 0, 61008, 42749, 0, 61016, 42750, 0, 61004, 91, -75
15:51:30.103 -> 42747, 0, 60998, 42741, 0, 60999, 42746, 0, 61003, 42748, 0, 61003, 42749, 0, 61003, 42749, 0, 61003, 42750, 0, 61003, 42751, 0, 61003, 42751, 0, 61002, 42751, 0, 61002, 92, -75
15:51:30.291 -> 42751, 0, 61009, 42753, 0, 60999, 42750, 0, 60993, 42745, 0, 60993, 42750, 0, 60997, 42752, 0, 60996, 42752, 0, 60996, 42752, 0, 60994, 42751, 0, 60994, 42751, 0, 60992, 93, -74
15:51:30.478 -> 42752, 0, 60992, 42750, 0, 60991, 42750, 0, 60995, 42754, 0, 60987, 42749, 0, 60981, 42744, 0, 60978, 42747, 0, 60983, 42749, 0, 60982, 42749, 0, 60980, 42748, 0, 60979, 94, -75
15:51:30.664 -> 42748, 0, 60978, 42748, 0, 60977, 42748, 0, 60977, 42747, 0, 60976, 42747, 0, 60973, 42755, 0, 60974, 42746, 0, 60969, 42742, 0, 60963, 42742, 0, 60969, 42745, 0, 60969, 95, -75
15:51:30.850 -> 42745, 0, 60968, 42745, 0, 60966, 42745, 0, 60965, 42745, 0, 60964, 42745, 0, 60963, 42745, 0, 60961, 42745, 0, 60961, 42745, 0, 60962, 42745, 0, 60957, 42741, 0, 60950, 96, -74
15:51:31.040 -> 42737, 0, 60957, 42743, 0, 60958, 42743, 0, 60957, 42743, 0, 60956, 42743, 0, 60955, 42742, 0, 60954, 42742, 0, 60954, 42742, 0, 60952, 42742, 0, 60952, 42742, 0, 60961, 97, -75
15:51:31.231 -> 42744, 0, 60949, 42740, 0, 60943, 42734, 0, 60944, 42740, 0, 60948, 42741, 0, 60948, 42741, 0, 60947, 42740, 0, 60946, 42740, 0, 60946, 42741, 0, 60946, 42741, 0, 60945, 98, -75
15:51:31.419 -> 42741, 0, 60945, 42741, 0, 60943, 42746, 0, 60945, 42741, 0, 60939, 42736, 0, 60931, 42731, 0, 60939, 42733, 0, 60943, 42732, 0, 60943, 42731, 0, 60943, 42732, 0, 60941, 99, -75
15:51:31.606 -> 42732, 0, 60942, 42735, 0, 60942, 42736, 0, 60941, 42733, 0, 60942, 42731, 0, 60951, 42735, 0, 60942, 42733, 0, 60935, 42727, 0, 60935, 42731, 0, 60942, 42733, 0, 60940, 100, -75
15:51:31.793 -> 42735, 0, 60938, 42736, 0, 60938, 42734, 0, 60943, 42738, 0, 60937, 42736, 0, 60933, 42737, 0, 60934, 42739, 0, 60936, 42742, 0, 60941, 42739, 0, 60934, 42733, 0, 60932, 101, -74
15:51:31.981 -> 42728, 0, 60934, 42738, 0, 60937, 42739, 0, 60937, 42738, 0, 60938, 42738, 0, 60938, 42738, 0, 60937, 42739, 0, 60937, 42740, 0, 60938, 42741, 0, 60937, 42740, 0, 60937, 102, -75
15:51:32.169 -> 42741, 0, 60945, 42743, 0, 60937, 42740, 0, 60931, 42735, 0, 60934, 42741, 0, 60938, 42743, 0, 60937, 42744, 0, 60937, 42744, 0, 60937, 42744, 0, 60936, 42745, 0, 60937, 103, -75
15:51:32.355 -> 42745, 0, 60935, 42746, 0, 60935, 42746, 0, 60935, 42747, 0, 60945, 42749, 0, 60934, 42746, 0, 60930, 42741, 0, 60930, 42747, 0, 60935, 42749, 0, 60934, 42749, 0, 60934, 104, -74
15:51:32.543 -> 42750, 0, 60933, 42750, 0, 60933, 42750, 0, 60932, 42751, 0, 60932, 42751, 0, 60932, 42751, 0, 60931, 42752, 0, 60931, 42758, 0, 60933, 42752, 0, 60929, 42748, 0, 60923, 105, -74
15:51:32.727 -> 42747, 0, 60930, 42752, 0, 60931, 42752, 0, 60931, 42753, 0, 60930, 42753, 0, 60930, 42753, 0, 60929, 42754, 0, 60930, 42754, 0, 60929, 42755, 0, 60930, 42755, 0, 60930, 106, -74
15:51:32.915 -> 42756, 0, 60936, 42760, 0, 60929, 42755, 0, 60925, 42750, 0, 60923, 42754, 0, 60929, 42757, 0, 60929, 42758, 0, 60928, 42758, 0, 60928, 42758, 0, 60927, 42759, 0, 60927, 107, -75
15:51:33.102 -> 42760, 0, 60927, 42760, 0, 60927, 42760, 0, 60928, 42760, 0, 60928, 42761, 0, 60931, 42768, 0, 60928, 42760, 0, 60925, 42756, 0, 60922, 42759, 0, 60929, 42762, 0, 60929, 108, -74
15:51:33.291 -> 42762, 0, 60929, 42762, 0, 60929, 42763, 0, 60928, 42764, 0, 60928, 42764, 0, 60928, 42764, 0, 60928, 42764, 0, 60927, 42765, 0, 60927, 42766, 0, 60927, 42769, 0, 60929, 109, -74
15:51:33.480 -> 42767, 0, 60924, 42764, 0, 60917, 42762, 0, 60925, 42768, 0, 60927, 42768, 0, 60926, 42769, 0, 60926, 42769, 0, 60927, 42770, 0, 60926, 42770, 0, 60926, 42771, 0, 60926, 110, -75
15:51:33.669 -> 42771, 0, 60926, 42772, 0, 60926, 42772, 0, 60927, 42773, 0, 60933, 42778, 0, 60926, 42772, 0, 60922, 42768, 0, 60920, 42772, 0, 60926, 42774, 0, 60926, 42774, 0, 60927, 111, -74
15:51:33.858 -> 42775, 0, 60926, 42776, 0, 60926, 42776, 0, 60926, 42776, 0, 60927, 42777, 0, 60927, 42778, 0, 60926, 42778, 0, 60925, 42778, 0, 60925, 42779, 0, 60932, 42784, 0, 60924, 112, -75
15:51:34.043 -> 42778, 0, 60919, 42774, 0, 60918, 42778, 0, 60924, 42781, 0, 60924, 42781, 0, 60924, 42782, 0, 60924, 42782, 0, 60924, 42783, 0, 60923, 42784, 0, 60922, 42784, 0, 60923, 113, -75
15:51:34.230 -> 42785, 0, 60922, 42785, 0, 60922, 42785, 0, 60923, 42786, 0, 60923, 42789, 0, 60926, 42786, 0, 60921, 42783, 0, 60915, 42781, 0, 60923, 42787, 0, 60925, 42787, 0, 60925, 114, -75
15:51:34.419 -> 42788, 0, 60925, 42788, 0, 60925, 42789, 0, 60924, 42790, 0, 60925, 42790, 0, 60925, 42790, 0, 60924, 42791, 0, 60924, 42791, 0, 60923, 42791, 0, 60924, 42792, 0, 60923, 115, -75
15:51:34.603 -> 42799, 0, 60925, 42793, 0, 60920, 42790, 0, 60914, 42790, 0, 60923, 42794, 0, 60923, 42795, 0, 60923, 42796, 0, 60924, 42797, 0, 60924, 42797, 0, 60924, 42798, 0, 60924, 116, -75
15:51:34.793 -> 42799, 0, 60924, 42799, 0, 60925, 42799, 0, 60925, 42800, 0, 60925, 42800, 0, 60925, 42802, 0, 60925, 42800, 0, 60929, 42803, 0, 60924, 42800, 0, 60917, 42795, 0, 60924, 117, -75
15:51:34.983 -> 42802, 0, 60926, 42803, 0, 60926, 42803, 0, 60926, 42804, 0, 60926, 42804, 0, 60926, 42805, 0, 60925, 42805, 0, 60925, 42806, 0, 60925, 42807, 0, 60925, 42807, 0, 60925, 118, -75
15:51:35.170 -> 42807, 0, 60925, 42808, 0, 60924, 42817, 0, 60926, 42808, 0, 60922, 42804, 0, 60917, 42805, 0, 60925, 42809, 0, 60926, 42809, 0, 60926, 42809, 0, 60925, 42810, 0, 60926, 119, -75
15:51:35.499 -> 42807, 0, 60925, 42808, 0, 60924, 42817, 0, 60926, 42808, 0, 60922, 42804, 0, 60917, 42805, 0, 60925, 42809, 0, 60926, 42809, 0, 60926, 42809, 0, 60925, 42810, 0, 60926, 119, -75
15:51:35.688 -> 42811, 0, 60926, 42812, 0, 60926, 42812, 0, 60925, 42812, 0, 60925, 42813, 0, 60925, 42813, 0, 60925, 42814, 0, 60925, 42813, 0, 60929, 42815, 0, 60924, 42812, 0, 60918, 120, -75
15:51:35.873 -> 42808, 0, 60924, 42815, 0, 60926, 42816, 0, 60926, 42816, 0, 60925, 42816, 0, 60926, 42817, 0, 60925, 42818, 0, 60925, 42818, 0, 60925, 42819, 0, 60926, 42819, 0, 60925, 121, -75
15:51:36.203 -> 42808, 0, 60924, 42815, 0, 60926, 42816, 0, 60926, 42816, 0, 60925, 42816, 0, 60926, 42817, 0, 60925, 42818, 0, 60925, 42818, 0, 60925, 42819, 0, 60926, 42819, 0, 60925, 121, -75
15:51:36.392 -> 42819, 0, 60926, 42820, 0, 60925, 42820, 0, 60934, 42825, 0, 60925, 42820, 0, 60921, 42816, 0, 60921, 42820, 0, 60926, 42823, 0, 60927, 42823, 0, 60927, 42824, 0, 60926, 122, -75
15:51:36.579 -> 42824, 0, 60927, 42825, 0, 60926, 42825, 0, 60927, 42826, 0, 60927, 42826, 0, 60927, 42827, 0, 60926, 42828, 0, 60925, 42828, 0, 60925, 42837, 0, 60927, 42828, 0, 60923, 123, -75
15:51:36.767 -> 42825, 0, 60917, 42825, 0, 60925, 42829, 0, 60926, 42831, 0, 60924, 42830, 0, 60926, 42831, 0, 60924, 42831, 0, 60927, 42832, 0, 60925, 42832, 0, 60926, 42833, 0, 60925, 124, -75
15:51:36.955 -> 42833, 0, 60927, 42833, 0, 60925, 42834, 0, 60927, 42834, 0, 60929, 42835, 0, 60925, 42832, 0, 60919, 42829, 0, 60925, 42835, 0, 60927, 42836, 0, 60926, 42836, 0, 60927, 125, -74
15:51:37.143 -> 42837, 0, 60927, 42837, 0, 60928, 42839, 0, 60927, 42839, 0, 60927, 42839, 0, 60926, 42839, 0, 60927, 42840, 0, 60927, 42840, 0, 60926, 42840, 0, 60939, 42844, 0, 60926, 126, -75
15:51:37.330 -> 42840, 0, 60922, 42835, 0, 60923, 42841, 0, 60927, 42843, 0, 60927, 42843, 0, 60928, 42844, 0, 60927, 42844, 0, 60927, 42845, 0, 60927, 42845, 0, 60928, 42846, 0, 60928, 127, -75
15:51:37.518 -> 42846, 0, 60928, 42847, 0, 60928, 42848, 0, 60929, 42848, 0, 60931, 42857, 0, 60930, 42849, 0, 60926, 42846, 0, 60922, 42848, 0, 60930, 42851, 0, 60929, 42852, 0, 60930, 128, -75
15:51:37.704 -> 42853, 0, 60928, 42854, 0, 60929, 42854, 0, 60929, 42855, 0, 60929, 42855, 0, 60929, 42856, 0, 60928, 42857, 0, 60928, 42857, 0, 60928, 42858, 0, 60928, 42864, 0, 60931, 129, -74
15:51:37.889 -> 42858, 0, 60926, 42855, 0, 60920, 42854, 0, 60929, 42859, 0, 60929, 42860, 0, 60930, 42860, 0, 60930, 42861, 0, 60930, 42861, 0, 60930, 42862, 0, 60930, 42863, 0, 60930, 130, -75
15:51:38.078 -> 42863, 0, 60929, 42864, 0, 60930, 42864, 0, 60930, 42866, 0, 60931, 42865, 0, 60934, 42867, 0, 60928, 42864, 0, 60922, 42860, 0, 60928, 42866, 0, 60930, 42868, 0, 60929, 131, -74
15:51:38.264 -> 42868, 0, 60930, 42869, 0, 60927, 42868, 0, 60930, 42871, 0, 60927, 42870, 0, 60930, 42871, 0, 60928, 42871, 0, 60930, 42872, 0, 60930, 42872, 0, 60931, 42873, 0, 60941, 132, -74
15:51:38.451 -> 42876, 0, 60930, 42873, 0, 60925, 42868, 0, 60926, 42873, 0, 60930, 42875, 0, 60929, 42876, 0, 60929, 42876, 0, 60930, 42877, 0, 60930, 42878, 0, 60930, 42878, 0, 60931, 133, -75
15:51:38.638 -> 42879, 0, 60931, 42880, 0, 60931, 42880, 0, 60931, 42881, 0, 60933, 42881, 0, 60932, 42892, 0, 60934, 42883, 0, 60930, 42880, 0, 60926, 42881, 0, 60934, 42885, 0, 60934, 134, -75
15:51:38.821 -> 42886, 0, 60934, 42886, 0, 60934, 42887, 0, 60934, 42888, 0, 60934, 42888, 0, 60933, 42889, 0, 60933, 42890, 0, 60933, 42890, 0, 60933, 42891, 0, 60933, 42892, 0, 60933, 135, -75
15:51:39.010 -> 42895, 0, 60935, 42893, 0, 60931, 42890, 0, 60924, 42888, 0, 60931, 42894, 0, 60932, 42894, 0, 60932, 42895, 0, 60931, 42896, 0, 60932, 42896, 0, 60932, 42897, 0, 60931, 136, -75
15:51:39.197 -> 42898, 0, 60932, 42898, 0, 60932, 42899, 0, 60932, 42900, 0, 60932, 42901, 0, 60933, 42901, 0, 60939, 42903, 0, 60931, 42900, 0, 60927, 42895, 0, 60931, 42902, 0, 60933, 137, -75
15:51:39.386 -> 42903, 0, 60934, 42903, 0, 60934, 42905, 0, 60934, 42905, 0, 60934, 42906, 0, 60934, 42906, 0, 60933, 42907, 0, 60934, 42908, 0, 60934, 42909, 0, 60933, 42908, 0, 60934, 138, -75
15:51:39.572 -> 42910, 0, 60941, 42915, 0, 60933, 42910, 0, 60928, 42906, 0, 60928, 42910, 0, 60933, 42912, 0, 60933, 42913, 0, 60933, 42914, 0, 60933, 42914, 0, 60934, 42915, 0, 60934, 139, -75
15:51:39.760 -> 42916, 0, 60934, 42916, 0, 60934, 42917, 0, 60935, 42918, 0, 60936, 42919, 0, 60936, 42920, 0, 60937, 42926, 0, 60940, 42921, 0, 60937, 42918, 0, 60932, 42917, 0, 60939, 140, -76
15:51:39.947 -> 42923, 0, 60941, 42924, 0, 60941, 42925, 0, 60942, 42925, 0, 60942, 42926, 0, 60943, 42926, 0, 60944, 42927, 0, 60944, 42928, 0, 60944, 42929, 0, 60944, 42929, 0, 60944, 141, -75
15:51:40.134 -> 42931, 0, 60945, 42930, 0, 60950, 42932, 0, 60944, 42929, 0, 60939, 42925, 0, 60945, 42932, 0, 60947, 42933, 0, 60948, 42934, 0, 60948, 42934, 0, 60948, 42935, 0, 60948, 142, -76
15:51:40.322 -> 42936, 0, 60949, 42937, 0, 60949, 42938, 0, 60950, 42938, 0, 60951, 42938, 0, 60951, 42939, 0, 60952, 42940, 0, 60962, 42943, 0, 60951, 42939, 0, 60947, 42935, 0, 60947, 143, -75
15:51:40.508 -> 42940, 0, 60952, 42943, 0, 60952, 42943, 0, 60952, 42943, 0, 60953, 42944, 0, 60953, 42945, 0, 60953, 42946, 0, 60954, 42946, 0, 60954, 42947, 0, 60954, 42948, 0, 60954, 144, -75
15:51:40.694 -> 42949, 0, 60955, 42949, 0, 60954, 42957, 0, 60957, 42950, 0, 60953, 42947, 0, 60948, 42947, 0, 60955, 42951, 0, 60956, 42953, 0, 60956, 42953, 0, 60956, 42954, 0, 60957, 145, -75
15:51:40.882 -> 42955, 0, 60957, 42955, 0, 60958, 42957, 0, 60958, 42957, 0, 60959, 42958, 0, 60959, 42959, 0, 60959, 42960, 0, 60960, 42960, 0, 60966, 42963, 0, 60959, 42960, 0, 60954, 146, -74
15:51:41.069 -> 42956, 0, 60959, 42962, 0, 60961, 42964, 0, 60962, 42965, 0, 60962, 42966, 0, 60963, 42966, 0, 60963, 42967, 0, 60963, 42968, 0, 60963, 42969, 0, 60964, 42969, 0, 60964, 147, -75
15:51:41.258 -> 42970, 0, 60964, 42971, 0, 60965, 42971, 0, 60973, 42977, 0, 60965, 42972, 0, 60961, 42967, 0, 60960, 42972, 0, 60965, 42974, 0, 60966, 42975, 0, 60967, 42975, 0, 60967, 148, -75
15:51:41.443 -> 42976, 0, 60967, 42977, 0, 60968, 42978, 0, 60968, 42979, 0, 60968, 42979, 0, 60968, 42980, 0, 60968, 42981, 0, 60968, 42982, 0, 60968, 42985, 0, 60969, 42983, 0, 60965, 149, -75
15:51:41.631 -> 42980, 0, 60958, 42978, 0, 60965, 42984, 0, 60965, 42985, 0, 60965, 42986, 0, 60965, 42986, 0, 60966, 42987, 0, 60966, 42988, 0, 60967, 42988, 0, 60966, 42989, 0, 60966, 150, -74
15:51:41.818 -> 42990, 0, 60966, 42990, 0, 60967, 42992, 0, 60967, 42992, 0, 60978, 42996, 0, 60967, 42992, 0, 60963, 42987, 0, 60964, 42993, 0, 60968, 42995, 0, 60968, 42996, 0, 60967, 151, -75
15:51:42.006 -> 42996, 0, 60968, 42997, 0, 60968, 42998, 0, 60969, 42999, 0, 60969, 43000, 0, 60969, 43001, 0, 60970, 43002, 0, 60969, 43003, 0, 60970, 43004, 0, 60970, 43010, 0, 60972, 152, -75
15:51:42.193 -> 43005, 0, 60969, 43003, 0, 60963, 43002, 0, 60971, 43007, 0, 60972, 43008, 0, 60973, 43009, 0, 60973, 43009, 0, 60975, 43010, 0, 60975, 43011, 0, 60975, 43012, 0, 60976, 153, -75
15:51:42.427 -> 43012, 0, 60977, 43013, 0, 60977, 43014, 0, 60977, 43015, 0, 60978, 43015, 0, 60985, 43018, 0, 60978, 43015, 0, 60973, 43011, 0, 60977, 43017, 0, 60980, 43019, 0, 60980, 154, -75
15:51:42.567 -> 43019, 0, 60981, 43020, 0, 60980, 43021, 0, 60982, 43022, 0, 60982, 43022, 0, 60983, 43023, 0, 60983, 43024, 0, 60984, 43025, 0, 60985, 43025, 0, 60985, 43026, 0, 60985, 155, -75
15:51:42.754 -> 43035, 0, 60988, 43027, 0, 60984, 43024, 0, 60980, 43025, 0, 60986, 43029, 0, 60987, 43029, 0, 60987, 43030, 0, 60987, 43031, 0, 60987, 43032, 0, 60987, 43033, 0, 60987, 156, -75
15:51:42.989 -> 43034, 0, 60988, 43034, 0, 60987, 43035, 0, 60988, 43035, 0, 60988, 43036, 0, 60989, 43037, 0, 60999, 43040, 0, 60989, 43037, 0, 60984, 43032, 0, 60987, 43039, 0, 60990, 157, -74
15:51:43.175 -> 43040, 0, 60990, 43041, 0, 60990, 43042, 0, 60991, 43043, 0, 60992, 43044, 0, 60992, 43045, 0, 60992, 43045, 0, 60992, 43046, 0, 60992, 43047, 0, 60992, 43048, 0, 60992, 158, -76
15:51:43.314 -> 43049, 0, 60992, 43055, 0, 60994, 43051, 0, 60991, 43048, 0, 60985, 43048, 0, 60992, 43053, 0, 60993, 43054, 0, 60994, 43054, 0, 60994, 43055, 0, 60994, 43056, 0, 60994, 159, -75
15:51:43.501 -> 43057, 0, 60994, 43058, 0, 60995, 43059, 0, 60995, 43060, 0, 60995, 43060, 0, 60995, 43061, 0, 60996, 43061, 0, 61007, 43064, 0, 60996, 43062, 0, 60992, 43057, 0, 60995, 160, -75
15:51:43.736 -> 43063, 0, 60999, 43065, 0, 60999, 43065, 0, 60999, 43066, 0, 60999, 43068, 0, 61000, 43068, 0, 61000, 43069, 0, 61001, 43070, 0, 61001, 43071, 0, 61001, 43071, 0, 61002, 161, -75
15:51:43.926 -> 43072, 0, 61003, 43073, 0, 61003, 43076, 0, 61006, 43075, 0, 61002, 43072, 0, 60996, 43071, 0, 61003, 43076, 0, 61004, 43077, 0, 61005, 43078, 0, 61005, 43078, 0, 61006, 162, -75
15:51:44.067 -> 43079, 0, 61006, 43080, 0, 61007, 43081, 0, 61007, 43082, 0, 61008, 43082, 0, 61008, 43084, 0, 61009, 43084, 0, 61009, 43085, 0, 61016, 43092, 0, 61011, 43086, 0, 61007, 163, -76
15:51:44.255 -> 43082, 0, 61006, 43086, 0, 61011, 43088, 0, 61012, 43089, 0, 61012, 43090, 0, 61013, 43091, 0, 61014, 43092, 0, 61014, 43093, 0, 61016, 43094, 0, 61017, 43095, 0, 61017, 164, -75
15:51:44.490 -> 43096, 0, 61017, 43097, 0, 61018, 43098, 0, 61019, 43098, 0, 61028, 43101, 0, 61019, 43099, 0, 61015, 43095, 0, 61018, 43102, 0, 61021, 43103, 0, 61022, 43103, 0, 61022, 165, -75
15:51:44.675 -> 43105, 0, 61023, 43105, 0, 61023, 43106, 0, 61023, 43107, 0, 61023, 43108, 0, 61024, 43108, 0, 61024, 43109, 0, 61024, 43110, 0, 61025, 43111, 0, 61024, 43119, 0, 61027, 166, -74
15:51:44.816 -> 43112, 0, 61024, 43110, 0, 61019, 43110, 0, 61026, 43114, 0, 61026, 43115, 0, 61027, 43116, 0, 61026, 43117, 0, 61026, 43118, 0, 61027, 43119, 0, 61027, 43119, 0, 61027, 167, -74
15:51:45.049 -> 43120, 0, 61028, 43122, 0, 61029, 43122, 0, 61029, 43123, 0, 61029, 43123, 0, 61037, 43130, 0, 61031, 43125, 0, 61028, 43121, 0, 61026, 43125, 0, 61031, 43127, 0, 61031, 168, -75
15:51:45.237 -> 43128, 0, 61032, 43129, 0, 61033, 43130, 0, 61033, 43131, 0, 61034, 43132, 0, 61034, 43133, 0, 61034, 43133, 0, 61035, 43134, 0, 61034, 43135, 0, 61035, 43137, 0, 61035, 169, -74
15:51:45.424 -> 43137, 0, 61045, 43140, 0, 61035, 43137, 0, 61032, 43134, 0, 61034, 43139, 0, 61038, 43140, 0, 61039, 43142, 0, 61040, 43143, 0, 61040, 43144, 0, 61040, 43145, 0, 61041, 170, -74
15:51:45.609 -> 43146, 0, 61042, 43147, 0, 61043, 43148, 0, 61044, 43149, 0, 61044, 43150, 0, 61045, 43151, 0, 61045, 43151, 0, 61049, 43153, 0, 61045, 43152, 0, 61040, 43149, 0, 61046, 171, -74
15:51:45.797 -> 43155, 0, 61048, 43156, 0, 61048, 43156, 0, 61048, 43157, 0, 61049, 43158, 0, 61049, 43159, 0, 61050, 43160, 0, 61050, 43161, 0, 61051, 43161, 0, 61052, 43162, 0, 61052, 172, -74
15:51:45.984 -> 43163, 0, 61053, 43164, 0, 61053, 43171, 0, 61056, 43166, 0, 61052, 43163, 0, 61048, 43164, 0, 61055, 43168, 0, 61055, 43168, 0, 61057, 43169, 0, 61056, 43170, 0, 61057, 173, -75
15:51:46.311 -> 43163, 0, 61053, 43164, 0, 61053, 43171, 0, 61056, 43166, 0, 61052, 43163, 0, 61048, 43164, 0, 61055, 43168, 0, 61055, 43168, 0, 61057, 43169, 0, 61056, 43170, 0, 61057, 173, -75
15:51:46.498 -> 43172, 0, 61057, 43172, 0, 61058, 43173, 0, 61058, 43174, 0, 61058, 43175, 0, 61059, 43176, 0, 61059, 43176, 0, 61059, 43177, 0, 61059, 43185, 0, 61061, 43178, 0, 61058, 174, -74
15:51:46.685 -> 43176, 0, 61055, 43177, 0, 61060, 43181, 0, 61061, 43181, 0, 61061, 43183, 0, 61060, 43183, 0, 61061, 43184, 0, 61061, 43185, 0, 61062, 43186, 0, 61062, 43187, 0, 61062, 175, -75
15:51:46.872 -> 43188, 0, 61063, 43188, 0, 61064, 43190, 0, 61064, 43190, 0, 61069, 43197, 0, 61065, 43192, 0, 61063, 43189, 0, 61061, 43192, 0, 61066, 43195, 0, 61066, 43196, 0, 61067, 176, -74
15:51:47.057 -> 43197, 0, 61067, 43198, 0, 61068, 43198, 0, 61068, 43199, 0, 61069, 43200, 0, 61069, 43201, 0, 61070, 43202, 0, 61070, 43203, 0, 61070, 43204, 0, 61071, 43205, 0, 61081, 177, -75
15:51:47.246 -> 43208, 0, 61071, 43205, 0, 61067, 43202, 0, 61068, 43207, 0, 61072, 43209, 0, 61072, 43209, 0, 61073, 43210, 0, 61072, 43211, 0, 61073, 43212, 0, 61073, 43213, 0, 61074, 178, -75
15:51:47.436 -> 43213, 0, 61074, 43215, 0, 61075, 43215, 0, 61075, 43216, 0, 61076, 43218, 0, 61076, 43218, 0, 61086, 43221, 0, 61077, 43219, 0, 61073, 43216, 0, 61075, 43221, 0, 61078, 179, -74
15:51:47.641 -> 43223, 0, 61079, 43223, 0, 61079, 43224, 0, 61079, 43225, 0, 61081, 43226, 0, 61080, 43227, 0, 61081, 43228, 0, 61081, 43229, 0, 61082, 43230, 0, 61082, 43230, 0, 61083, 180, -75
15:51:47.810 -> 43232, 0, 61083, 43232, 0, 61090, 43235, 0, 61083, 43233, 0, 61080, 43230, 0, 61082, 43236, 0, 61085, 43237, 0, 61085, 43237, 0, 61086, 43238, 0, 61086, 43239, 0, 61087, 181, -75
15:51:47.997 -> 43241, 0, 61088, 43242, 0, 61087, 43242, 0, 61088, 43244, 0, 61088, 43244, 0, 61089, 43245, 0, 61090, 43247, 0, 61090, 43246, 0, 61099, 43250, 0, 61090, 43248, 0, 61087, 182, -74
15:51:48.185 -> 43244, 0, 61090, 43250, 0, 61093, 43251, 0, 61093, 43252, 0, 61093, 43253, 0, 61093, 43253, 0, 61093, 43253, 0, 61092, 43253, 0, 61092, 43254, 0, 61091, 43254, 0, 61092, 183, -74
15:51:48.371 -> 43255, 0, 61093, 43256, 0, 61094, 43258, 0, 61095, 43258, 0, 61111, 43262, 0, 61100, 43261, 0, 61098, 43258, 0, 61100, 43264, 0, 61105, 43267, 0, 61106, 43269, 0, 61107, 184, -75
15:51:48.556 -> 43270, 0, 61108, 43271, 0, 61109, 43271, 0, 61110, 43272, 0, 61109, 43273, 0, 61110, 43273, 0, 61110, 43274, 0, 61110, 43275, 0, 61111, 43276, 0, 61112, 43278, 0, 61113, 185, -75
15:51:48.744 -> 43279, 0, 61119, 43283, 0, 61114, 43281, 0, 61111, 43278, 0, 61115, 43285, 0, 61118, 43287, 0, 61119, 43289, 0, 61122, 43292, 0, 61122, 43293, 0, 61123, 43295, 0, 61123, 186, -75
15:51:48.934 -> 43296, 0, 61124, 43298, 0, 61125, 43300, 0, 61124, 43301, 0, 61124, 43303, 0, 61125, 43304, 0, 61125, 43306, 0, 61125, 43308, 0, 61128, 43309, 0, 61125, 43308, 0, 61120, 187, -74
15:51:49.119 -> 43307, 0, 61125, 43312, 0, 61126, 43313, 0, 61127, 43315, 0, 61127, 43316, 0, 61126, 43317, 0, 61127, 43318, 0, 61127, 43319, 0, 61128, 43320, 0, 61129, 43321, 0, 61129, 188, -75
15:51:49.309 -> 43322, 0, 61130, 43324, 0, 61130, 43324, 0, 61136, 43327, 0, 61130, 43325, 0, 61126, 43322, 0, 61130, 43327, 0, 61132, 43329, 0, 61133, 43330, 0, 61133, 43330, 0, 61133, 189, -75
15:51:49.494 -> 43332, 0, 61134, 43333, 0, 61134, 43334, 0, 61135, 43335, 0, 61135, 43336, 0, 61136, 43337, 0, 61136, 43338, 0, 61137, 43339, 0, 61137, 43340, 0, 61147, 43343, 0, 61138, 190, -74
15:51:49.685 -> 43341, 0, 61135, 43338, 0, 61136, 43343, 0, 61139, 43344, 0, 61140, 43346, 0, 61141, 43347, 0, 61142, 43348, 0, 61141, 43349, 0, 61142, 43350, 0, 61143, 43350, 0, 61143, 191, -75
15:51:49.872 -> 43352, 0, 61142, 43353, 0, 61142, 43354, 0, 61142, 43355, 0, 61142, 43356, 0, 61151, 43360, 0, 61143, 43357, 0, 61139, 43355, 0, 61139, 43358, 0, 61143, 43360, 0, 61144, 192, -74
15:51:50.057 -> 43362, 0, 61144, 43363, 0, 61144, 43364, 0, 61144, 43365, 0, 61144, 43366, 0, 61145, 43367, 0, 61145, 43368, 0, 61146, 43369, 0, 61147, 43370, 0, 61147, 43372, 0, 61148, 193, -74
15:51:50.246 -> 43372, 0, 61148, 43380, 0, 61150, 43375, 0, 61147, 43372, 0, 61145, 43374, 0, 61150, 43377, 0, 61151, 43378, 0, 61151, 43379, 0, 61152, 43381, 0, 61153, 43381, 0, 61153, 194, -75
15:51:50.434 -> 43383, 0, 61153, 43384, 0, 61154, 43385, 0, 61154, 43386, 0, 61154, 43387, 0, 61155, 43388, 0, 61156, 43389, 0, 61156, 43389, 0, 61160, 43392, 0, 61156, 43391, 0, 61152, 195, -75
15:51:50.622 -> 43389, 0, 61159, 43393, 0, 61159, 43395, 0, 61160, 43396, 0, 61161, 43397, 0, 61161, 43398, 0, 61161, 43399, 0, 61162, 43401, 0, 61163, 43401, 0, 61163, 43402, 0, 61164, 196, -75
15:51:50.809 -> 43404, 0, 61163, 43405, 0, 61165, 43407, 0, 61165, 43407, 0, 61172, 43411, 0, 61165, 43408, 0, 61163, 43406, 0, 61163, 43409, 0, 61167, 43411, 0, 61168, 43412, 0, 61168, 197, -75
15:51:50.996 -> 43414, 0, 61169, 43415, 0, 61169, 43415, 0, 61170, 43417, 0, 61170, 43418, 0, 61171, 43419, 0, 61173, 43419, 0, 61173, 43421, 0, 61172, 43422, 0, 61174, 43423, 0, 61174, 198, -75
15:51:51.182 -> 43423, 0, 61178, 43426, 0, 61175, 43424, 0, 61170, 43423, 0, 61176, 43427, 0, 61178, 43428, 0, 61179, 43430, 0, 61180, 43430, 0, 61180, 43432, 0, 61180, 43433, 0, 61181, 199, -75
15:51:51.369 -> 43433, 0, 61182, 43436, 0, 61182, 43436, 0, 61183, 43438, 0, 61184, 43438, 0, 61183, 43440, 0, 61185, 43440, 0, 61184, 43435, 0, 61188, 43444, 0, 61188, 43444, 0, 61186, 200, -75
15:51:51.558 -> 43442, 0, 61187, 43445, 0, 61187, 43447, 0, 61188, 43448, 0, 61188, 43449, 0, 61188, 43450, 0, 61189, 43451, 0, 61190, 43452, 0, 61191, 43453, 0, 61191, 43454, 0, 61192, 201, -75
15:51:51.746 -> 43455, 0, 61192, 43456, 0, 61193, 43457, 0, 61194, 43458, 0, 61185, 43461, 0, 61197, 43461, 0, 61197, 43462, 0, 61194, 43461, 0, 61197, 43463, 0, 61198, 43464, 0, 61198, 202, -75
15:51:51.934 -> 43465, 0, 61199, 43467, 0, 61199, 43467, 0, 61200, 43468, 0, 61200, 43470, 0, 61201, 43471, 0, 61201, 43471, 0, 61201, 43473, 0, 61202, 43474, 0, 61202, 43475, 0, 61202, 203, -75
15:51:52.122 -> 43475, 0, 61203, 43479, 0, 61205, 43478, 0, 61204, 43477, 0, 61204, 43479, 0, 61205, 43480, 0, 61205, 43482, 0, 61207, 43483, 0, 61207, 43484, 0, 61207, 43485, 0, 61208, 204, -75
15:51:52.309 -> 43486, 0, 61208, 43487, 0, 61208, 43488, 0, 61209, 43489, 0, 61209, 43490, 0, 61210, 43492, 0, 61211, 43492, 0, 61210, 43490, 0, 61215, 43495, 0, 61214, 43497, 0, 61211, 205, -75
15:51:52.500 -> 43493, 0, 61213, 43497, 0, 61213, 43498, 0, 61213, 43499, 0, 61214, 43500, 0, 61214, 43501, 0, 61215, 43503, 0, 61215, 43503, 0, 61216, 43505, 0, 61216, 43506, 0, 61217, 206, -75
15:51:52.690 -> 43506, 0, 61218, 43508, 0, 61218, 43509, 0, 61219, 43509, 0, 61217, 43503, 0, 61222, 43513, 0, 61221, 43513, 0, 61219, 43512, 0, 61220, 43514, 0, 61222, 43515, 0, 61222, 207, -74
15:51:52.876 -> 43517, 0, 61223, 43517, 0, 61224, 43519, 0, 61224, 43520, 0, 61225, 43520, 0, 61226, 43521, 0, 61225, 43523, 0, 61226, 43524, 0, 61226, 43525, 0, 61227, 43526, 0, 61227, 208, -75
15:51:53.064 -> 43527, 0, 61226, 43520, 0, 61230, 43530, 0, 61230, 43531, 0, 61228, 43529, 0, 61230, 43532, 0, 61230, 43533, 0, 61230, 43534, 0, 61230, 43535, 0, 61232, 43536, 0, 61232, 209, -74
15:51:53.250 -> 43537, 0, 61233, 43538, 0, 61234, 43539, 0, 61234, 43540, 0, 61235, 43541, 0, 61235, 43542, 0, 61235, 43543, 0, 61235, 43544, 0, 61234, 43537, 0, 61239, 43547, 0, 61239, 210, -75
15:51:53.438 -> 43548, 0, 61237, 43546, 0, 61239, 43548, 0, 61240, 43549, 0, 61240, 43550, 0, 61242, 43552, 0, 61240, 43552, 0, 61242, 43552, 0, 61240, 43553, 0, 61241, 43553, 0, 61241, 211, -74
15:51:53.625 -> 43555, 0, 61239, 43554, 0, 61240, 43556, 0, 61241, 43556, 0, 61239, 43557, 0, 61240, 43554, 0, 61244, 43561, 0, 61244, 43561, 0, 61243, 43559, 0, 61244, 43563, 0, 61244, 212, -75
15:51:53.810 -> 43563, 0, 61244, 43564, 0, 61245, 43565, 0, 61247, 43567, 0, 61247, 43569, 0, 61248, 43570, 0, 61250, 43572, 0, 61251, 43572, 0, 61250, 43573, 0, 61248, 43574, 0, 61252, 213, -75
15:51:53.997 -> 43575, 0, 61250, 43576, 0, 61253, 43576, 0, 61251, 43580, 0, 61255, 43580, 0, 61255, 43579, 0, 61254, 43580, 0, 61255, 43581, 0, 61256, 43583, 0, 61256, 43583, 0, 61257, 214, -75
15:51:54.185 -> 43584, 0, 61258, 43585, 0, 61258, 43586, 0, 61259, 43587, 0, 61258, 43588, 0, 61259, 43589, 0, 61259, 43590, 0, 61259, 43591, 0, 61260, 43592, 0, 61260, 43593, 0, 61251, 215, -75
15:51:54.374 -> 43597, 0, 61263, 43596, 0, 61264, 43596, 0, 61261, 43596, 0, 61263, 43597, 0, 61264, 43598, 0, 61264, 43599, 0, 61264, 43600, 0, 61264, 43602, 0, 61265, 43602, 0, 61265, 216, -75
15:51:54.561 -> 43603, 0, 61266, 43604, 0, 61266, 43605, 0, 61267, 43606, 0, 61268, 43607, 0, 61268, 43608, 0, 61268, 43608, 0, 61266, 43601, 0, 61271, 43612, 0, 61271, 43612, 0, 61269, 217, -75
15:51:54.750 -> 43611, 0, 61270, 43613, 0, 61270, 43614, 0, 61271, 43615, 0, 61271, 43616, 0, 61271, 43617, 0, 61271, 43618, 0, 61271, 43619, 0, 61272, 43619, 0, 61273, 43621, 0, 61273, 218, -75
15:51:54.939 -> 43621, 0, 61274, 43622, 0, 61274, 43624, 0, 61275, 43624, 0, 61275, 43624, 0, 61277, 43629, 0, 61278, 43629, 0, 61278, 43628, 0, 61276, 43629, 0, 61278, 43631, 0, 61278, 219, -75
15:51:55.125 -> 43632, 0, 61279, 43633, 0, 61281, 43634, 0, 61280, 43635, 0, 61281, 43636, 0, 61281, 43637, 0, 61282, 43638, 0, 61282, 43639, 0, 61282, 43640, 0, 61283, 43641, 0, 61284, 220, -75
15:51:55.312 -> 43642, 0, 61284, 43643, 0, 61281, 43637, 0, 61287, 43647, 0, 61287, 43647, 0, 61285, 43646, 0, 61287, 43648, 0, 61287, 43649, 0, 61288, 43650, 0, 61289, 43652, 0, 61290, 221, -74
15:51:55.499 -> 43652, 0, 61291, 43654, 0, 61292, 43654, 0, 61292, 43655, 0, 61292, 43656, 0, 61293, 43657, 0, 61293, 43658, 0, 61293, 43660, 0, 61294, 43660, 0, 61294, 43661, 0, 61289, 222, -75
15:51:55.686 -> 43665, 0, 61297, 43665, 0, 61297, 43664, 0, 61294, 43665, 0, 61295, 43666, 0, 61296, 43667, 0, 61296, 43669, 0, 61297, 43670, 0, 61297, 43670, 0, 61298, 43672, 0, 61299, 223, -74
15:51:55.871 -> 43673, 0, 61300, 43674, 0, 61300, 43675, 0, 61301, 43676, 0, 61301, 43677, 0, 61302, 43678, 0, 61302, 43679, 0, 61302, 43677, 0, 61307, 43683, 0, 61306, 43684, 0, 61305, 224, -75
15:51:56.200 -> 43673, 0, 61300, 43674, 0, 61300, 43675, 0, 61301, 43676, 0, 61301, 43677, 0, 61302, 43678, 0, 61302, 43679, 0, 61302, 43677, 0, 61307, 43683, 0, 61306, 43684, 0, 61305, 224, -75
15:51:56.391 -> 43682, 0, 61304, 43684, 0, 61305, 43685, 0, 61306, 43687, 0, 61306, 43687, 0, 61306, 43688, 0, 61307, 43690, 0, 61308, 43691, 0, 61309, 43692, 0, 61309, 43693, 0, 61310, 225, -75
15:51:56.578 -> 43694, 0, 61311, 43695, 0, 61311, 43696, 0, 61313, 43697, 0, 61313, 43698, 0, 61312, 43691, 0, 61316, 43701, 0, 61316, 43702, 0, 61314, 43701, 0, 61315, 43702, 0, 61315, 226, -75
15:51:56.766 -> 43704, 0, 61316, 43705, 0, 61317, 43706, 0, 61318, 43707, 0, 61318, 43708, 0, 61319, 43709, 0, 61319, 43710, 0, 61320, 43711, 0, 61321, 43712, 0, 61321, 43713, 0, 61321, 227, -74
15:51:56.955 -> 43714, 0, 61323, 43715, 0, 61323, 43716, 0, 61321, 43708, 0, 61326, 43720, 0, 61326, 43721, 0, 61324, 43718, 0, 61325, 43720, 0, 61325, 43722, 0, 61326, 43723, 0, 61326, 228, -75
15:51:57.142 -> 43724, 0, 61327, 43725, 0, 61327, 43726, 0, 61328, 43727, 0, 61328, 43728, 0, 61328, 43728, 0, 61329, 43730, 0, 61329, 43731, 0, 61330, 43732, 0, 61331, 43733, 0, 61330, 229, -75
15:51:57.329 -> 43734, 0, 61330, 43726, 0, 61335, 43737, 0, 61335, 43739, 0, 61334, 43737, 0, 61335, 43739, 0, 61335, 43740, 0, 61335, 43741, 0, 61336, 43742, 0, 61336, 43743, 0, 61336, 230, -75
15:51:57.517 -> 43744, 0, 61337, 43746, 0, 61337, 43746, 0, 61338, 43748, 0, 61339, 43748, 0, 61339, 43749, 0, 61339, 43751, 0, 61340, 43752, 0, 61340, 43752, 0, 61341, 43750, 0, 61345, 231, -74
15:51:57.703 -> 43756, 0, 61344, 43757, 0, 61343, 43755, 0, 61342, 43757, 0, 61343, 43758, 0, 61343, 43759, 0, 61344, 43760, 0, 61344, 43761, 0, 61345, 43762, 0, 61345, 43763, 0, 61346, 232, -75
15:51:57.890 -> 43764, 0, 61346, 43766, 0, 61347, 43766, 0, 61347, 43767, 0, 61348, 43768, 0, 61348, 43770, 0, 61349, 43770, 0, 61349, 43771, 0, 61344, 43774, 0, 61352, 43775, 0, 61353, 233, -74
15:51:58.078 -> 43775, 0, 61350, 43775, 0, 61352, 43776, 0, 61353, 43777, 0, 61352, 43778, 0, 61354, 43780, 0, 61354, 43780, 0, 61353, 43781, 0, 61356, 43783, 0, 61354, 43783, 0, 61355, 234, -75
15:51:58.265 -> 43785, 0, 61356, 43786, 0, 61357, 43786, 0, 61357, 43787, 0, 61358, 43789, 0, 61359, 43790, 0, 61356, 43782, 0, 61362, 43793, 0, 61362, 43794, 0, 61359, 43792, 0, 61361, 235, -75
15:51:58.499 -> 43795, 0, 61360, 43796, 0, 61363, 43796, 0, 61362, 43796, 0, 61363, 43800, 0, 61364, 43799, 0, 61362, 43800, 0, 61367, 43803, 0, 61364, 43801, 0, 61364, 43803, 0, 61365, 236, -75
15:51:58.638 -> 43804, 0, 61366, 43806, 0, 61365, 43806, 0, 61366, 43807, 0, 61367, 43808, 0, 61363, 43812, 0, 61368, 43811, 0, 61370, 43812, 0, 61368, 43812, 0, 61370, 43813, 0, 61370, 237, -75
15:51:58.826 -> 43814, 0, 61369, 43815, 0, 61371, 43816, 0, 61372, 43817, 0, 61372, 43819, 0, 61372, 43819, 0, 61372, 43820, 0, 61375, 43821, 0, 61374, 43821, 0, 61375, 43823, 0, 61375, 238, -75
15:51:59.014 -> 43824, 0, 61376, 43826, 0, 61376, 43826, 0, 61377, 43824, 0, 61381, 43829, 0, 61379, 43831, 0, 61380, 43829, 0, 61378, 43831, 0, 61379, 43831, 0, 61380, 43834, 0, 61381, 239, -75
15:51:59.247 -> 43834, 0, 61380, 43834, 0, 61381, 43836, 0, 61381, 43836, 0, 61383, 43838, 0, 61383, 43839, 0, 61383, 43839, 0, 61383, 43841, 0, 61384, 43841, 0, 61385, 43843, 0, 61385, 240, -75
15:51:59.387 -> 43844, 0, 61385, 43844, 0, 61385, 43841, 0, 61390, 43849, 0, 61390, 43850, 0, 61389, 43848, 0, 61388, 43849, 0, 61388, 43850, 0, 61389, 43852, 0, 61389, 43853, 0, 61389, 241, -76
15:51:59.574 -> 43854, 0, 61389, 43854, 0, 61390, 43855, 0, 61390, 43856, 0, 61391, 43857, 0, 61392, 43858, 0, 61392, 43860, 0, 61392, 43860, 0, 61393, 43861, 0, 61393, 43863, 0, 61394, 242, -75
15:51:59.810 -> 43864, 0, 61394, 43863, 0, 61394, 43868, 0, 61399, 43868, 0, 61399, 43867, 0, 61397, 43868, 0, 61397, 43869, 0, 61397, 43870, 0, 61398, 43871, 0, 61399, 43872, 0, 61400, 243, -75
15:51:59.999 -> 43873, 0, 61401, 43875, 0, 61400, 43875, 0, 61402, 43876, 0, 61401, 43877, 0, 61402, 43878, 0, 61402, 43879, 0, 61402, 43880, 0, 61403, 43881, 0, 61403, 43881, 0, 61404, 244, -74
15:52:00.139 -> 43884, 0, 61403, 43877, 0, 61407, 43886, 0, 61408, 43888, 0, 61406, 43886, 0, 61407, 43888, 0, 61406, 43888, 0, 61407, 43889, 0, 61408, 43891, 0, 61409, 43893, 0, 61409, 245, -75
15:52:00.513 -> 43884, 0, 61403, 43877, 0, 61407, 43886, 0, 61408, 43888, 0, 61406, 43886, 0, 61407, 43888, 0, 61406, 43888, 0, 61407, 43889, 0, 61408, 43891, 0, 61409, 43893, 0, 61409, 245, -75
15:52:00.702 -> 43893, 0, 61409, 43894, 0, 61409, 43894, 0, 61411, 43896, 0, 61411, 43897, 0, 61412, 43898, 0, 61411, 43899, 0, 61412, 43899, 0, 61413, 43901, 0, 61414, 43901, 0, 61414, 246, -75
15:52:00.842 -> 43902, 0, 61414, 43897, 0, 61419, 43906, 0, 61419, 43908, 0, 61417, 43905, 0, 61417, 43907, 0, 61417, 43908, 0, 61417, 43910, 0, 61418, 43910, 0, 61418, 43911, 0, 61419, 247, -75
15:52:01.074 -> 43912, 0, 61419, 43913, 0, 61420, 43915, 0, 61420, 43915, 0, 61421, 43916, 0, 61421, 43917, 0, 61421, 43918, 0, 61423, 43919, 0, 61423, 43920, 0, 61424, 43921, 0, 61424, 248, -75
15:52:01.263 -> 43922, 0, 61425, 43923, 0, 61425, 43924, 0, 61425, 43925, 0, 61426, 43926, 0, 61426, 43927, 0, 61427, 43928, 0, 61427, 43929, 0, 61428, 43930, 0, 61428, 43931, 0, 61429, 249, -75
15:52:01.449 -> 43932, 0, 61429, 43933, 0, 61429, 43934, 0, 61430, 43935, 0, 61430, 43936, 0, 61431, 43937, 0, 61431, 43938, 0, 61432, 43939, 0, 61432, 43940, 0, 61433, 43941, 0, 61433, 250, -75
15:52:01.589 -> 43942, 0, 61434, 43942, 0, 61435, 43944, 0, 61434, 43945, 0, 61436, 43946, 0, 61436, 43947, 0, 61437, 43948, 0, 61437, 43949, 0, 61437, 43949, 0, 61438, 43950, 0, 61438, 251, -75
15:52:01.822 -> 43951, 0, 61439, 43952, 0, 61440, 43954, 0, 61440, 43954, 0, 61440, 43955, 0, 61441, 43956, 0, 61441, 43957, 0, 61442, 43958, 0, 61442, 43959, 0, 61443, 43960, 0, 61443, 252, -75
15:52:02.009 -> 43961, 0, 61444, 43962, 0, 61444, 43963, 0, 61445, 43964, 0, 61445, 43965, 0, 61445, 43966, 0, 61445, 43967, 0, 61445, 43968, 0, 61445, 43969, 0, 61444, 43970, 0, 61445, 253, -75
15:52:02.198 -> 43971, 0, 61446, 43972, 0, 61446, 43973, 0, 61447, 43974, 0, 61448, 43974, 0, 61448, 43975, 0, 61448, 43976, 0, 61448, 43977, 0, 61449, 43978, 0, 61449, 43979, 0, 61450, 254, -75
15:52:02.388 -> 43980, 0, 61450, 43981, 0, 61451, 43982, 0, 61451, 43983, 0, 61452, 43984, 0, 61452, 43985, 0, 61453, 43986, 0, 61455, 43987, 0, 61455, 43988, 0, 61456, 43989, 0, 61457, 255, -75
15:52:02.572 -> 43990, 0, 61457, 43991, 0, 61458, 43992, 0, 61459, 43993, 0, 61460, 43994, 0, 61461, 43995, 0, 61461, 43996, 0, 61461, 43997, 0, 61462, 43998, 0, 61463, 43999, 0, 61463, 0, -75
15:52:02.760 -> 43999, 0, 61463, 44000, 0, 61464, 44001, 0, 61464, 44002, 0, 61464, 44003, 0, 61464, 44004, 0, 61465, 44005, 0, 61465, 44006, 0, 61465, 44007, 0, 61466, 44008, 0, 61466, 1, -75
15:52:02.948 -> 44009, 0, 61466, 44010, 0, 61467, 44011, 0, 61468, 44012, 0, 61468, 44013, 0, 61468, 44014, 0, 61469, 44015, 0, 61469, 44016, 0, 61469, 44016, 0, 61470, 44017, 0, 61470, 2, -75
15:52:03.135 -> 44018, 0, 61470, 44019, 0, 61470, 44020, 0, 61471, 44021, 0, 61472, 44022, 0, 61471, 44023, 0, 61472, 44024, 0, 61472, 44025, 0, 61473, 44026, 0, 61474, 44027, 0, 61474, 3, -75
15:52:03.321 -> 44028, 0, 61474, 44029, 0, 61475, 44030, 0, 61475, 44031, 0, 61476, 44032, 0, 61476, 44032, 0, 61477, 44033, 0, 61477, 44035, 0, 61478, 44035, 0, 61478, 44037, 0, 61478, 4, -75
15:52:03.462 -> 44037, 0, 61479, 44039, 0, 61480, 44040, 0, 61480, 44041, 0, 61481, 44041, 0, 61481, 44042, 0, 61482, 44043, 0, 61482, 44044, 0, 61483, 44044, 0, 61483, 44046, 0, 61482, 5, -75
15:52:03.696 -> 44047, 0, 61484, 44047, 0, 61485, 44049, 0, 61485, 44050, 0, 61485, 44051, 0, 61486, 44052, 0, 61486, 44053, 0, 61487, 44053, 0, 61487, 44055, 0, 61487, 44055, 0, 61487, 6, -75
15:52:03.882 -> 44056, 0, 61487, 44057, 0, 61488, 44058, 0, 61488, 44059, 0, 61488, 44061, 0, 61488, 44061, 0, 61489, 44062, 0, 61489, 44063, 0, 61490, 44064, 0, 61491, 44065, 0, 61491, 7, -75
15:52:04.166 -> 44056, 0, 61487, 44057, 0, 61488, 44058, 0, 61488, 44059, 0, 61488, 44061, 0, 61488, 44061, 0, 61489, 44062, 0, 61489, 44063, 0, 61490, 44064, 0, 61491, 44065, 0, 61491, 7, -75
15:52:04.354 -> 44066, 0, 61492, 44067, 0, 61492, 44068, 0, 61492, 44069, 0, 61493, 44070, 0, 61493, 44070, 0, 61494, 44071, 0, 61494, 44072, 0, 61495, 44073, 0, 61495, 44075, 0, 61496, 8, -75
15:52:04.544 -> 44076, 0, 61497, 44076, 0, 61497, 44078, 0, 61498, 44079, 0, 61498, 44079, 0, 61499, 44081, 0, 61500, 44081, 0, 61500, 44082, 0, 61500, 44083, 0, 61501, 44084, 0, 61501, 9, -74
15:52:04.732 -> 44085, 0, 61501, 44086, 0, 61501, 44087, 0, 61502, 44088, 0, 61503, 44089, 0, 61503, 44090, 0, 61504, 44091, 0, 61504, 44092, 0, 61504, 44093, 0, 61505, 44094, 0, 61506, 10, -75
15:52:04.917 -> 44095, 0, 61506, 44096, 0, 61507, 44097, 0, 61507, 44098, 0, 61507, 44099, 0, 61508, 44099, 0, 61508, 44101, 0, 61509, 44102, 0, 61509, 44103, 0, 61509, 44103, 0, 61509, 11, -75
15:52:05.102 -> 44104, 0, 61510, 44105, 0, 61511, 44106, 0, 61511, 44107, 0, 61512, 44108, 0, 61512, 44109, 0, 61513, 44110, 0, 61513, 44111, 0, 61513, 44112, 0, 61513, 44113, 0, 61514, 12, -75
15:52:05.289 -> 44114, 0, 61515, 44115, 0, 61515, 44116, 0, 61516, 44117, 0, 61516, 44118, 0, 61517, 44119, 0, 61518, 44120, 0, 61518, 44121, 0, 61519, 44122, 0, 61519, 44123, 0, 61520, 13, -75
15:52:05.478 -> 44124, 0, 61520, 44125, 0, 61520, 44126, 0, 61520, 44127, 0, 61521, 44128, 0, 61521, 44129, 0, 61522, 44130, 0, 61523, 44130, 0, 61523, 44131, 0, 61523, 44132, 0, 61524, 14, -74
15:52:05.665 -> 44133, 0, 61525, 44134, 0, 61525, 44135, 0, 61526, 44136, 0, 61526, 44137, 0, 61527, 44139, 0, 61527, 44139, 0, 61528, 44140, 0, 61528, 44141, 0, 61529, 44142, 0, 61529, 15, -75
